| bin |  cnts |             totexp |                     SB | pixsize |          stow_cnts |   exp_ratio |                rad |
|   1 | 16283 | 121720914909.69983 |  3.494153807018092e-08 |     865 |  3325.436348821381 |  0.18294382 | 301.77953962448674 |
|   2 | 10490 |  81421177881.21198 |  3.332928633453372e-08 |     902 | 1824.6301351561333 |  0.20927237 | 301.77953962448674 |
|   3 |  8416 |  71875049697.55199 | 3.0278857748863424e-08 |     866 | 1534.5137283841268 |  0.24103601 | 301.77953962448674 |
|   4 |  9739 |  73640458212.98492 | 3.4126923603587675e-08 |     889 |  1738.347474076486 |  0.23585941 | 301.77953962448674 |
|   5 | 11259 |  77784056172.65744 |  3.745818591016935e-08 |     910 | 1825.1990082288166 |  0.23400909 | 301.77953962448674 |
|   6 | 10333 |  75211309164.38739 |  3.561595672549071e-08 |     870 | 1684.4625450535996 |  0.21789369 | 301.77953962448674 |
|   7 |  7915 |    63669038339.385 | 3.2166167587500466e-08 |     718 | 1410.6068103718007 |  0.24491218 | 333.77953962448674 |
|   8 | 23631 |  211301182977.9281 | 2.8982497923254796e-08 |     910 |  5750.063671751903 |   0.1798626 | 333.77953962448674 |
|   9 | 14212 | 134924023352.25172 |  2.733186826279746e-08 |     917 |  3660.545273565237 |  0.19517347 | 333.77953962448674 |
|  10 |  9281 |  83922636678.21634 | 2.8631761408244457e-08 |     919 | 2281.5814741704417 |  0.20558529 | 333.77953962448674 |
|  11 |  8815 |  78775613971.72113 |   2.89011680432018e-08 |     919 | 1829.4014131431913 |   0.2338248 | 333.77953962448674 |
|  12 |  9153 |  79949605548.94617 | 2.9568270969725905e-08 |     917 | 1911.2098095233123 |  0.23400909 | 333.77953962448674 |
|  13 |  9726 |  79939194875.26962 |   3.14463045841703e-08 |     916 | 2069.1491579067097 |  0.23400909 | 333.77953962448674 |
|  14 |  9145 |  78113755058.83206 | 3.0207910251244384e-08 |     923 | 1798.2960877747719 |  0.21627547 | 333.77953962448674 |
|  15 |  6450 | 64235487702.326294 | 2.6003941542769243e-08 |     735 | 1399.1742023773195 |  0.24691254 | 365.77953962448674 |
|  16 | 23035 | 243149464184.15173 | 2.4459290608537755e-08 |     931 |  6786.124998855352 |  0.17492937 | 365.77953962448674 |
|  17 | 21489 | 211965023684.81894 | 2.6297260975831047e-08 |     938 |  5648.802880462196 |  0.18017963 | 365.77953962448674 |
|  18 | 13436 |  142739947022.7732 | 2.4462674657625346e-08 |     939 | 3602.2498322104866 |  0.18762256 | 365.77953962448674 |
|  19 |  8669 |  90831667387.46515 |   2.49699180657135e-08 |     940 |   2265.72149306744 |  0.20019394 | 365.77953962448674 |
|  20 |  7479 |   78841662116.8873 | 2.4478347838912757e-08 |     938 | 1966.2657744753105 |  0.23346743 | 365.77953962448674 |
|  21 |  6881 |   71077461749.5145 | 2.5016688366549195e-08 |     861 | 1884.2562869698395 |   0.2340091 | 365.77953962448674 |
|  22 |  6855 | 68113727560.734436 | 2.5961686484550545e-08 |     832 |  1764.036742050419 |  0.23311439 | 365.77953962448674 |
|  23 |  9732 | 108047998445.15384 | 2.3293338233447386e-08 |    1306 | 2498.1819051589127 |  0.22929141 | 397.77953962448674 |
|  24 | 19264 | 241052156957.54633 | 2.0585935798385604e-08 |    1021 |  6910.701970906935 |  0.16427788 | 397.77953962448674 |
|  25 | 16695 | 214019849864.35156 | 1.9925740314586292e-08 |    1024 |  5711.543974927591 |  0.18009758 | 397.77953962448674 |
|  26 | 11869 | 161315488639.71918 | 1.8753992527558895e-08 |    1021 |  4184.032441057181 |  0.19565514 | 397.77953962448674 |
|  27 |  7074 |  94383230700.93117 | 1.9235951566879677e-08 |    1026 | 2455.3435636996037 |  0.19521546 | 397.77953962448674 |
|  28 |  6409 |    81085785685.544 |  2.039850709711771e-08 |    1023 | 2141.8962584770925 |   0.2325605 | 397.77953962448674 |
|  29 |  6574 |  82932501458.17282 |  2.049540411808049e-08 |    1026 |  2106.712550807524 |  0.23400909 | 397.77953962448674 |
|  30 |  6920 |  83102411858.39279 |  2.145532994978577e-08 |    1028 |  2164.756386724286 |  0.23375365 | 397.77953962448674 |
|  31 |  7851 | 106212780028.40193 |  1.896006912611466e-08 |    1420 | 2554.3589243428505 |  0.22839157 | 429.77953962448674 |
|  32 | 11474 |  174315856633.0218 |  1.683530149099073e-08 |     938 |  4692.608263388907 |  0.17385754 | 429.77953962448674 |
|  33 |  8537 |  135933218328.0506 | 1.6012796624935638e-08 |     938 | 3474.6193004428196 |  0.18407746 | 429.77953962448674 |
|  34 |  4623 |  76660870647.69011 | 1.5728070781423965e-08 |     939 | 2227.0654271609346 |  0.17085569 | 429.77953962448674 |
|  35 |  4065 |  64337055995.01619 |   1.63065026047253e-08 |     941 | 1689.9428974311995 |  0.21834952 | 429.77953962448674 |
|  36 |  4848 |   73314110961.2663 |  1.708268221010585e-08 |     938 | 1773.2621871919291 |  0.23400909 | 429.77953962448674 |
|  37 |  4924 |  74679218886.41913 |  1.704061076254298e-08 |     940 | 1843.8381971575836 |  0.23400909 | 429.77953962448674 |
|  38 |  4980 |  73787037125.07352 |   1.74320008044451e-08 |     941 | 1963.3129576434112 |  0.23400909 | 429.77953962448674 |
|  39 |  4634 |  65542891310.16185 | 1.8233595853071207e-08 |     940 | 1801.3338707604162 |  0.22742225 | 429.77953962448674 |
|  40 |  3951 |  55791890866.67934 |  1.822209294580668e-08 |     935 | 1440.6310376820857 |  0.19296387 | 429.77953962448674 |
|  41 |  3069 |  48815270344.86024 |  1.635396078397154e-08 |     846 | 1239.6038579524939 |  0.21651505 | 461.77953962448674 |
|  42 |  4870 |  94672745610.03369 |  1.310416862506549e-08 |     911 |  2797.767670056639 |  0.17445923 | 461.77953962448674 |
|  43 |  3291 |   66427264481.3945 |  1.272365347893686e-08 |     919 | 2102.6378987318512 |   0.1643392 | 461.77953962448674 |
|  44 |  2614 |  47136003558.85616 | 1.4316013204083483e-08 |     922 | 1337.9323819471865 |  0.18794458 | 461.77953962448674 |
|  45 |  2846 | 49259118101.413025 | 1.4904259018101672e-08 |     920 | 1330.3730710930558 |  0.19937594 | 461.77953962448674 |
|  46 |  3060 | 54813290041.131935 | 1.4390185060011127e-08 |     920 |  1456.831339665132 |  0.21642786 | 461.77953962448674 |
|  47 |  3886 |  70087630523.83275 | 1.4268936591202906e-08 |     918 | 1718.6543765965398 |  0.23400909 | 461.77953962448674 |
|  48 |  3643 |  62769262440.61186 | 1.4911796421634872e-08 |     921 | 1744.7236084432443 |   0.2279662 | 461.77953962448674 |
|  49 |  2985 |  50672901919.94594 | 1.5162227216803724e-08 |     918 | 1660.4864174532959 |  0.20714402 | 461.77953962448674 |
|  50 |  2944 | 49074911529.681175 |  1.553896074331231e-08 |     921 | 1611.8687642196237 |  0.19922471 | 461.77953962448674 |
|  51 |  3178 |  49969007636.39035 | 1.6429233252957075e-08 |     922 | 1396.1775792614008 |  0.18201345 | 461.77953962448674 |
|  52 |  2528 |  45763137975.93536 | 1.4375540135295845e-08 |     819 |  1344.999562727513 |  0.21108654 | 493.77953962448674 |
|  53 |  1365 | 33786144558.702488 |  9.997811815630229e-09 |     927 | 1435.3181345270714 |  0.11829265 | 493.77953962448674 |
|  54 |   988 |  21148381503.29586 | 1.1764943752659628e-08 |     884 |  830.8069026695175 |  0.13252914 | 493.77953962448674 |
|  55 |  1977 |  42302905337.49571 |  1.204027847132482e-08 |     887 | 1270.1139891851235 |  0.19788814 | 493.77953962448674 |
|  56 |  2140 |  45784077742.53708 | 1.2059685396139608e-08 |     885 | 1350.3364944948603 |  0.18879217 | 493.77953962448674 |
|  57 |  2137 |  47227564983.94754 | 1.1663766871570045e-08 |     890 | 1421.2144304554395 |  0.19789264 | 493.77953962448674 |
|  58 |  2438 |    47292006500.132 | 1.3389065276643405e-08 |     887 |  1405.880721396421 |  0.20549925 | 493.77953962448674 |
|  59 |  2462 |  48794949730.75029 | 1.3028344735717242e-08 |     887 | 1569.6356690389985 |   0.2059306 | 493.77953962448674 |
|  60 |  2431 |  48732131529.89156 | 1.2874551220397925e-08 |     889 |  1467.820301552114 |  0.19922473 | 493.77953962448674 |
|  61 |  2519 |  48491526576.60013 | 1.3411192611704773e-08 |     890 | 1550.9070344332977 |  0.19922471 | 493.77953962448674 |
|  62 |  2646 | 47560845328.976395 | 1.4349597517389034e-08 |     886 | 1667.7816316382596 |  0.19850306 | 493.77953962448674 |
|  63 |  2580 |  46118179959.48332 | 1.4390894564428496e-08 |     887 |  1466.170404146571 |  0.18189818 | 493.77953962448674 |
|  64 |  2155 | 40499589827.986725 |  1.390522855334556e-08 |     781 | 1413.8347031809317 |   0.2060661 |  525.7795396244867 |
|  65 |   259 |  7757307607.284243 |  8.607911051425057e-09 |     969 |   489.778335160765 |  0.07636751 |  525.7795396244867 |
|  66 |   907 | 21609591169.573643 | 1.1135719801314828e-08 |     950 |  955.4471113309332 | 0.118136026 |  525.7795396244867 |
|  67 |  1917 |  45971233735.16116 | 1.0714576842951035e-08 |     947 | 1611.0163091453755 |   0.1632994 |  525.7795396244867 |
|  68 |  2115 | 48476119142.551834 | 1.1263692819115815e-08 |     948 | 1685.1690419357046 |   0.1688322 |  525.7795396244867 |
|  69 |  2127 |  49697873261.24203 | 1.1044791345391222e-08 |     945 | 1524.7800698847077 |   0.1945107 |  525.7795396244867 |
|  70 |  2186 |  48513798927.79019 | 1.1616554763362365e-08 |     948 | 1404.1235013880614 |  0.19922471 |  525.7795396244867 |
|  71 |  2000 |  45108503264.97934 |  1.139359540313337e-08 |     947 |  1390.701432509355 |  0.20637071 |  525.7795396244867 |
|  72 |  1792 | 37712855720.730225 |  1.184317484565391e-08 |     912 | 1068.5288175138703 |  0.22107111 |  525.7795396244867 |
|  73 |  1713 | 36159624957.701706 | 1.2086311258987689e-08 |     928 | 1178.4856842581976 |  0.19579624 |  525.7795396244867 |
|  75 |   241 |  5521411293.601046 | 1.0889438028921291e-08 |     991 |  554.4578343823887 | 0.046568595 |  557.7795396244867 |
|  76 |   533 |  14022956016.70787 |  9.946274092223435e-09 |    1043 | 1120.8643768757292 |  0.07400818 |  557.7795396244867 |
|  77 |  1645 |  43466589634.28873 |   9.52343798448994e-09 |     978 | 1451.3893519495068 |  0.16506958 |  557.7795396244867 |
|  78 |  1802 |   44908547843.0927 |  1.035124476396615e-08 |    1006 | 1322.1150344814841 |  0.18637283 |  557.7795396244867 |
|  79 |  1509 |  36552939205.76827 | 1.0514750038907949e-08 |     962 |  893.6856146262799 |  0.23570515 |  557.7795396244867 |
|  80 |   871 | 21984006072.954506 | 1.0084129412208479e-08 |     764 |  487.8378894910129 |  0.31291512 |  589.7795396244867 |
|  81 |    33 |   791486381.205935 |  1.073335810032216e-08 |    1020 | 291.07431540453126 | 0.018616619 |  589.7795396244867 |
|  82 |    54 | 1526128484.4411945 | 1.0153955567084209e-08 |    1059 |  401.8075588899683 | 0.023649268 |  589.7795396244867 |
|  83 |   114 |  3359844780.604759 |  9.322320908832001e-09 |    1035 |  500.5974866539282 | 0.034288585 |  589.7795396244867 |
|  84 |   669 |  20039331453.63271 |  9.614166262323458e-09 |    1067 |  690.0650173076247 |  0.13463229 |  589.7795396244867 |
|  85 |   610 | 17048044486.248566 | 1.1223744249027082e-08 |    1044 |  602.5609781875864 |  0.12459041 |  589.7795396244867 |
|  86 |    26 |  688396520.0954669 | 1.0644958149803403e-08 |     734 | 191.33884518706145 | 0.022077922 |  621.7795396244867 |
|  87 |    33 |  987600450.0854411 |  8.767471076723648e-09 |     998 |  349.9167424203697 |  0.01874132 |  621.7795396244867 |
|  88 |    57 | 1496205936.1398818 | 1.0032975751051814e-08 |    1002 |  611.1010196603102 | 0.019106934 |  621.7795396244867 |
|  89 |    30 | 1053287762.5909507 |  7.317256940189963e-09 |     990 | 336.33357835290917 | 0.019433282 |  621.7795396244867 |
|  90 |    32 |  1034018019.419955 |  7.976766578660248e-09 |    1001 | 295.89862026726405 | 0.019598192 |  621.7795396244867 |
|  91 |    34 | 1007286738.7793682 |  8.803293188859823e-09 |     992 |  290.2277298862573 |  0.01959819 |  621.7795396244867 |
|  92 |    18 |  845093442.8806955 | 5.0785321180124775e-09 |     982 |  260.1727659010958 | 0.019598192 |  621.7795396244867 |
|  93 |    41 |  987274881.7470256 | 1.1073557457066636e-08 |    1000 | 268.98458532950644 |  0.01959819 |  621.7795396244867 |
|  94 |    32 |  954547155.5924278 |  8.811370998164787e-09 |    1001 | 280.21726981891334 | 0.019598192 |  621.7795396244867 |
|  96 |    50 | 1294439235.6422567 |  9.835040319608845e-09 |     919 | 444.99828677261667 | 0.018995142 |  653.7795396244867 |
|  97 |    57 | 1622652208.0014246 |  9.103174557408571e-09 |     925 |  591.1326646619273 | 0.019106444 |  653.7795396244867 |
|  98 |    56 | 1588887361.0733647 |    9.2190034659302e-09 |     915 |  590.1133330337216 | 0.019106442 |  653.7795396244867 |
|  99 |    27 | 1129535016.9986374 |  6.456132992397798e-09 |     920 | 324.55693559120664 |  0.01936568 |  653.7795396244867 |
| 100 |    30 |  956012907.5703942 |  8.536626369126404e-09 |     924 | 302.29119831505886 | 0.019598192 |  653.7795396244867 |
| 101 |    25 |  845607081.0217925 |  7.298311367478904e-09 |     919 | 254.31284903833875 | 0.019598192 |  653.7795396244867 |
| 102 |    37 | 1016954267.5680907 |  9.339939827134226e-09 |     922 | 293.43823277271804 | 0.019598192 |  653.7795396244867 |
| 103 |    31 | 1035441464.7253026 |  7.725315581569004e-09 |     921 |  271.8080660076739 | 0.019598192 |  653.7795396244867 |
| 104 |    34 |  975282587.8175666 |  8.986411390915761e-09 |     924 |  264.5746172879444 | 0.019598192 |  653.7795396244867 |
| 105 |    29 |  826324902.3874915 |   9.46342866900828e-09 |     920 |  249.5876701230627 |  0.01959819 |  653.7795396244867 |
| 107 |    45 | 1678603038.0994287 |  6.788711841092984e-09 |     964 |  620.6975748189043 | 0.019106444 |  685.7795396244867 |
| 108 |    63 | 1807097678.7048469 |  8.999838626109803e-09 |     968 |  630.9390068096063 | 0.019106444 |  685.7795396244867 |
| 109 |    50 |  1798546461.652907 |  7.174530887378939e-09 |     970 |  590.1244880998711 | 0.019106442 |  685.7795396244867 |
| 110 |    31 | 1511498221.2222137 |  5.365423021687129e-09 |     965 |  530.5274763250254 | 0.019137528 |  685.7795396244867 |
| 111 |    29 |  904171458.5647075 |  8.219271658373467e-09 |     953 | 298.72762282518306 | 0.019578582 |  685.7795396244867 |
| 112 |    20 |  1112290020.019843 |  4.608056456835392e-09 |     968 |  261.7920718397836 |  0.01959819 |  685.7795396244867 |
| 113 |    36 | 1164968690.2981372 |  8.025725148705013e-09 |     968 |  307.8466153868321 |  0.01959819 |  685.7795396244867 |
| 114 |    26 | 1118007934.8004012 |  6.029945022898725e-09 |     968 |  286.2788534631145 |  0.01959819 |  685.7795396244867 |
| 115 |    29 |  991985174.0420797 |  7.585262255769469e-09 |     968 | 301.32223756159146 |  0.01959819 |  685.7795396244867 |
| 116 |    38 |  937182082.0732002 | 1.0480081249262488e-08 |     965 | 253.63404014755724 | 0.019598192 |  685.7795396244867 |
| 117 |    31 |  909403705.6048629 |  8.753705088605808e-09 |    1038 | 273.53044481019015 | 0.019596031 |  717.7795396244867 |
| 118 |    35 | 1800203895.9424572 | 5.1115381379378246e-09 |    1013 |  577.9947640330774 | 0.019148838 |  717.7795396244867 |
| 119 |    40 | 1890069283.1228323 | 5.5439236954388926e-09 |    1009 |  639.3566438424368 | 0.019106444 |  717.7795396244867 |
| 120 |    30 | 1565338286.5695167 |  4.730059701770279e-09 |    1016 |  489.0507765228813 |   0.0192197 |  717.7795396244867 |
| 121 |    32 | 1009421157.3943908 |  8.573240898786482e-09 |    1015 | 334.01299494410523 | 0.019530848 |  717.7795396244867 |
| 122 |    33 | 1180291133.1277633 |  7.354885195808657e-09 |    1016 |  337.4061566852288 |  0.01959819 |  717.7795396244867 |
| 123 |    44 |  1257247011.973598 |  9.065409448286407e-09 |    1014 |  305.2224296418135 |  0.01959819 |  717.7795396244867 |
| 124 |    40 | 1220610945.7003422 |  8.521401561790469e-09 |    1012 | 320.89641414523794 |  0.01959819 |  717.7795396244867 |
| 125 |    36 | 1109133461.5030558 |  8.299530250418664e-09 |    1013 |  310.2917199335898 |  0.01959819 |  717.7795396244867 |
| 126 |    28 | 1122450004.0032938 | 6.6242388736374655e-09 |    1008 |  291.3158566973543 | 0.019598182 |  717.7795396244867 |
| 127 |    21 |  1046289732.975812 |  5.330746934579228e-09 |    1007 | 222.23833537486007 | 0.019594451 |  717.7795396244867 |
| 128 |    19 |  901501273.6650233 |  5.396453675819987e-09 |    1033 | 275.83538452053654 | 0.019585667 |  717.7795396244867 |
| 130 |    29 | 1556457359.5478737 |  4.841210377738022e-09 |     902 | 509.14842242197074 | 0.019128976 |  749.7795396244867 |
| 131 |    20 | 1299807472.2777796 |  3.838800610167327e-09 |     882 | 342.42014750909584 |  0.01929582 |  749.7795396244867 |
| 132 |    20 |  997781778.9585257 |  4.975381287285631e-09 |     893 | 301.05838552617024 | 0.019545326 |  749.7795396244867 |
| 133 |    23 |  873112310.3935368 |  6.641053824563991e-09 |     912 | 266.24054752203847 | 0.019598192 |  749.7795396244867 |
| 134 |    29 | 1082631712.4254155 |  6.844306595708803e-09 |     907 |   331.835662591875 |  0.01959819 |  749.7795396244867 |
| 135 |    26 | 1155455356.3381398 |  5.876564982386032e-09 |     910 |  311.9515455097462 | 0.019598192 |  749.7795396244867 |
| 136 |    19 |  1126098078.614817 |  4.380844942748287e-09 |     907 | 284.82036991148925 |  0.01959819 |  749.7795396244867 |
| 137 |    27 | 1040680417.4690123 |  6.798913686731745e-09 |     913 |   296.996712393684 | 0.019598192 |  749.7795396244867 |
| 138 |    17 |  845757712.0778975 |  5.133769841250228e-09 |     728 | 206.92298845235564 |  0.01959819 |  749.7795396244867 |
| 139 |    20 | 1091610978.4133177 |  4.790737918117746e-09 |     940 | 271.67713034980625 | 0.019595837 |  749.7795396244867 |
| 140 |    19 |  938094948.8013799 | 5.1983849950111694e-09 |     925 |  215.7717804371623 |  0.01958642 |  749.7795396244867 |
| 141 |    19 |  956126021.8897786 |  5.165850477209042e-09 |     906 | 256.76965609272156 | 0.019585297 |  749.7795396244867 |
| 142 |    18 |   962704978.557072 |  4.858470278643746e-09 |     911 | 253.52455744545478 | 0.019585295 |  749.7795396244867 |
| 143 |    28 |  1112289231.487221 | 6.5659717280855495e-09 |    1302 | 355.08066951125966 | 0.019431198 |  781.7795396244867 |
| 144 |    36 | 1717715924.3102531 |  5.364763175809784e-09 |     946 |  521.6961583524117 | 0.019774927 |  781.7795396244867 |
| 145 |    19 |  1182847449.633957 | 4.3010499629164684e-09 |     948 |   355.717062333616 | 0.019711573 |  781.7795396244867 |
| 146 |    28 |  985980013.8149452 |  7.274336783907703e-09 |     885 |  269.5601570694853 |  0.01959819 |  781.7795396244867 |
| 147 |    12 | 1040876753.4985092 | 2.9475933949898713e-09 |     919 | 242.66017897541678 | 0.019598192 |  781.7795396244867 |
| 148 |    18 | 1186462248.2257547 |   3.91217181028093e-09 |     937 |  338.1505147399166 | 0.019598188 |  781.7795396244867 |
| 149 |    20 | 1179515036.0459645 |  4.311214806564904e-09 |     932 |  318.2456638633812 | 0.019598192 |  781.7795396244867 |
| 150 |    21 | 1103850289.7574441 |  4.871056423066229e-09 |     950 | 311.52505762863075 |  0.01959819 |  781.7795396244867 |
| 151 |    20 |  1147497149.064941 |  4.653601829065282e-09 |     948 |  320.9801234174811 |  0.01959819 |  781.7795396244867 |
| 152 |    30 | 1143980000.3806682 |  6.715675395480052e-09 |     974 |  259.0571828409229 | 0.019594204 |  781.7795396244867 |
| 153 |    31 |  1115033262.492825 |  7.153238697850186e-09 |    1030 | 308.53616628835425 | 0.019585563 |  781.7795396244867 |
| 154 |    20 | 1128521732.2311935 |  4.520712803396843e-09 |     951 |  292.9671149478745 | 0.019585293 |  781.7795396244867 |
| 155 |    31 |  1110891463.629182 |  7.233910683479612e-09 |     951 |  302.2385497004452 | 0.019585293 |  781.7795396244867 |
| 156 |    24 | 1040271411.0895406 |  5.989594783609658e-09 |     944 |  294.2861915045105 | 0.019585295 |  781.7795396244867 |
| 157 |    19 |  939285513.7133279 |   5.09100978570056e-09 |     944 | 280.76293414931024 | 0.019585295 |  781.7795396244867 |
| 158 |    14 |  764341940.7994249 |  4.628408602702468e-09 |     933 |  266.7011402887524 | 0.019338394 |  781.7795396244867 |
| 159 |   318 | 11379527502.695553 |  8.216126590319366e-09 |     919 | 1038.5642560379101 |  0.05675389 |  781.7795396244867 |
| 160 |   279 |    9247157724.8023 |   7.37637058829365e-09 |     702 |   775.992785346989 |  0.05366885 |  813.7795396244867 |
| 161 |    42 |  2133405525.788222 | 5.0791340824044656e-09 |     989 |  629.3943594091725 | 0.020192493 |  813.7795396244867 |
| 162 |    47 | 1957265830.2810047 |   6.16969468351671e-09 |     982 |  554.5685434850966 |  0.02018644 |  813.7795396244867 |
| 163 |    28 |  1408404723.991197 |  5.225582194588577e-09 |     983 | 412.77747760271086 | 0.019944616 |  813.7795396244867 |
| 164 |    24 | 1208238105.4455047 |  5.274273868155215e-09 |     985 | 308.75939689612824 | 0.019629564 |  813.7795396244867 |
| 165 |    13 |  1179387276.629878 |  2.667935593549279e-09 |     971 |  266.7102622199327 |  0.01959819 |  813.7795396244867 |
| 166 |    14 | 1115901811.4866915 | 3.1563689767364606e-09 |     961 |  276.2982275323702 |  0.01959819 |  813.7795396244867 |
| 167 |    22 | 1210743084.6900413 |  4.793590864811206e-09 |     988 | 309.32086984216585 |  0.01959819 |  813.7795396244867 |
| 168 |    17 | 1195007101.2784522 | 3.6849679065641717e-09 |    1002 |  285.7412165033056 | 0.019593537 |  813.7795396244867 |
| 169 |    25 | 1049474516.3783035 |  6.112599125257445e-09 |     940 | 287.38454009813904 | 0.019585397 |  813.7795396244867 |
| 170 |    19 | 1229825350.5996532 |  3.974275982552543e-09 |     988 | 330.73829103879325 | 0.019585293 |  813.7795396244867 |
| 171 |    22 |  1215605053.499456 |  4.619202722193216e-09 |     989 |  275.2116122636762 | 0.019585293 |  813.7795396244867 |
| 172 |    28 | 1179224828.5487013 |  6.096844534125612e-09 |     988 | 299.08050485133026 | 0.019585293 |  813.7795396244867 |
| 173 |    26 | 1083206441.9525363 |  6.196455174388606e-09 |     989 |   310.764315921675 | 0.019584542 |  813.7795396244867 |
| 174 |    23 | 1118358439.1352315 | 5.5200606163107165e-09 |     989 | 335.01190605920874 | 0.019329835 |  813.7795396244867 |
| 175 |    37 |  1453963614.626274 |  7.034278828421532e-09 |     986 |  552.9956481478357 |  0.01891154 |  813.7795396244867 |
| 176 |    33 | 1880915166.0182312 | 5.2000365424462705e-09 |     945 | 490.62856996130813 | 0.022403734 |  813.7795396244867 |
| 177 |   373 | 15393966931.451069 |  6.317641488857795e-09 |     986 | 1305.6574215151932 | 0.057339404 |  813.7795396244867 |
| 178 |   285 |  13083475337.21878 | 5.6260958689343364e-09 |     759 |  1068.810423982175 |   0.0581793 |  845.7795396244867 |
| 179 |    41 |  2227589623.975971 |   4.75054218311759e-09 |    1023 |  641.9854840817261 | 0.020192493 |  845.7795396244867 |
| 180 |    36 |  2101384913.108951 |  4.415511445231687e-09 |    1034 |  638.4645029441162 |  0.02019249 |  845.7795396244867 |
| 182 |    26 | 1332157208.7035885 | 4.9405394648547425e-09 |    1020 |  365.4301961039346 | 0.019677432 |  845.7795396244867 |
| 183 |    26 | 1334502145.7986042 |  5.089021688886914e-09 |    1026 | 327.50020527215383 |  0.01959819 |  845.7795396244867 |
| 184 |    21 | 1254290812.0357738 |  4.452555281239549e-09 |    1000 | 302.74866694452794 |  0.01959819 |  845.7795396244867 |
| 185 |    17 |  1126612832.180834 |  3.838839380267604e-09 |     958 | 241.42602514649207 | 0.019594429 |  845.7795396244867 |
| 186 |    15 | 1116606830.8391724 |  3.455945732694292e-09 |     979 | 279.33037315018237 | 0.019585365 |  845.7795396244867 |
| 187 |    19 |  1317607858.823081 | 3.7113705603351233e-09 |    1026 |  331.0983806436452 | 0.019585293 |  845.7795396244867 |
| 188 |    17 | 1290998403.0523968 | 3.4020421405322163e-09 |    1027 | 358.05467360554576 | 0.019585293 |  845.7795396244867 |
| 189 |    22 |  1257071723.701034 |  4.475961642355747e-09 |    1026 |   312.177804885172 | 0.019585293 |  845.7795396244867 |
| 190 |    33 |  1164926606.597043 |   7.49101090248705e-09 |    1030 | 321.37090996124334 | 0.019540565 |  845.7795396244867 |
| 191 |    37 | 1457897979.6328673 |  6.438425610433434e-09 |    1027 | 470.21772319749107 |  0.01908532 |  845.7795396244867 |
| 192 |    49 |  1904333210.626815 |  6.564378633466874e-09 |    1028 |  612.9360370044933 | 0.018842205 |  845.7795396244867 |
| 193 |    49 | 1974745212.7973208 |  6.365576758025555e-09 |    1029 |  628.6230490172029 | 0.018842205 |  845.7795396244867 |
| 194 |    48 | 1870059323.4683104 |  6.643330613249078e-09 |     969 |  580.3070868447921 | 0.019559996 |  845.7795396244867 |
| 195 |   362 | 15104586503.631432 |  6.087128379494219e-09 |    1022 | 1236.1102835132697 | 0.050557878 |  845.7795396244867 |
| 196 |   362 | 16312040702.065706 |  5.744960367694609e-09 |     957 |  1294.524044576021 | 0.058179304 |  877.7795396244867 |
| 197 |    43 | 1940907693.9646964 |  5.814708676974921e-09 |     888 |  532.2486476711165 |  0.02019249 |  877.7795396244867 |
| 198 |    31 | 1785762981.3202062 |  4.456210525291398e-09 |     889 |  511.5998442120508 |  0.02019249 |  877.7795396244867 |
| 199 |    18 | 1563294903.6148965 | 2.8794320435567466e-09 |     882 |  437.6609995932922 | 0.020131849 |  877.7795396244867 |
| 200 |    27 |  965343664.9693632 |  7.262632300227317e-09 |     750 | 241.14323490311654 | 0.019642565 |  877.7795396244867 |
| 201 |    16 | 1147354019.8071864 |  3.609513241260529e-09 |     887 | 324.64211012782107 |  0.01959819 |  877.7795396244867 |
| 202 |    23 | 1182993306.0215402 | 5.0201333379955115e-09 |     890 |  322.6228592181251 |  0.01959819 |  877.7795396244867 |
| 203 |    19 | 1141370175.5913758 |  4.262318375280009e-09 |     867 |  289.5295430774504 |  0.01959819 |  877.7795396244867 |
| 204 |    20 | 1090463426.4649796 |  4.716917726458183e-09 |     940 | 268.19794130724085 | 0.019597786 |  877.7795396244867 |
| 205 |    16 | 1212611437.0110626 | 3.5061485106489233e-09 |    1013 |  266.3113188653442 | 0.019589841 |  877.7795396244867 |
| 206 |    15 | 1153102074.8897352 |  3.343394523592608e-09 |     889 | 299.08641710224856 | 0.019585304 |  877.7795396244867 |
| 207 |    16 |  1134305233.557015 |  3.705824995607491e-09 |     890 |  312.0311307505781 | 0.019585295 |  877.7795396244867 |
| 208 |    15 | 1051121351.8057401 | 3.6717435957944135e-09 |     865 |  308.4401339438027 | 0.019585295 |  877.7795396244867 |
| 209 |    28 | 1058598194.7439468 | 6.8754483552038505e-09 |     889 | 312.82225748994097 | 0.019437347 |  877.7795396244867 |
| 210 |    32 | 1419751326.7259505 | 5.5607724488816456e-09 |     887 |  506.5263864949711 | 0.018962005 |  877.7795396244867 |
| 211 |    29 | 1745183361.6155663 |  4.320509870715157e-09 |     889 |  536.6065627742355 | 0.018842205 |  877.7795396244867 |
| 212 |    39 |  1796181392.172543 |  5.591623171419718e-09 |     889 |  575.1011061084546 | 0.018842205 |  877.7795396244867 |
| 213 |    43 | 1758521738.7642808 |  6.262935483585746e-09 |     892 |  576.2593982490416 | 0.018842205 |  877.7795396244867 |
| 214 |    54 | 1717453092.6659474 |   8.14615959938574e-09 |     883 |  557.2317444948376 | 0.018842207 |  877.7795396244867 |
| 215 |    74 |  4133698590.869464 |  5.271572691934857e-09 |     994 |  791.3434625375985 | 0.026830884 |  877.7795396244867 |
| 216 |   330 | 15045487854.017307 |  5.665953815788272e-09 |     891 | 1220.7529491659752 | 0.047583476 |  877.7795396244867 |
| 217 |   348 |  16958486298.32581 |  5.292536730764594e-09 |     984 | 1331.3357812452996 | 0.056364927 |  909.7795396244867 |
| 218 |    21 | 1902971145.0386138 |  2.831971786329085e-09 |     921 |  568.6496563233231 |  0.02019249 |  909.7795396244867 |
| 219 |    24 |  1744270045.212688 | 3.6690179200458552e-09 |     923 |  553.6184807412901 |  0.02019249 |  909.7795396244867 |
| 220 |    17 | 1236143461.8335905 |  3.705852004919713e-09 |     937 | 316.58104960937635 |  0.01977388 |  909.7795396244867 |
| 221 |    18 | 1146019185.7203436 |  4.113177833050531e-09 |     908 | 280.51350489875404 |  0.01959819 |  909.7795396244867 |
| 222 |    18 | 1207132986.5715077 |  3.852122314029927e-09 |     921 |  332.1356998326846 | 0.019598192 |  909.7795396244867 |
| 223 |    11 | 1199898973.0640385 | 2.4982562932968253e-09 |     909 |  294.6641581981812 |  0.01959819 |  909.7795396244867 |
| 224 |    14 | 1216023389.0689096 | 2.9557803313692303e-09 |    1029 |  267.0318783649309 | 0.019598192 |  909.7795396244867 |
| 225 |    21 | 1164794205.8667283 |  4.677484674305367e-09 |     922 |  284.2664902663414 | 0.019598192 |  909.7795396244867 |
| 226 |    22 | 1159871562.2655873 | 5.0165633950781705e-09 |     916 |  304.5610879470205 | 0.019597942 |  909.7795396244867 |
| 227 |    11 |  1069038962.875241 | 2.8916016929184852e-09 |     907 | 236.97278222318255 |  0.01959205 |  909.7795396244867 |
| 228 |    21 | 1119662468.8993208 | 4.9368233201019205e-09 |     921 | 277.60687855877404 | 0.019585658 |  909.7795396244867 |
| 229 |    22 |  972446834.5406516 |  5.911703542120966e-09 |     776 | 289.68210983222434 | 0.019351643 |  909.7795396244867 |
| 230 |    19 | 1577896355.5293381 |   3.03691562295522e-09 |     910 |  479.3322131709683 | 0.018894468 |  909.7795396244867 |
| 231 |    42 | 1875693259.6812458 |  5.797544862799068e-09 |     923 |  600.5977029692813 | 0.018842204 |  909.7795396244867 |
| 232 |    34 | 1890443419.3447938 |  4.635985076480738e-09 |     924 |  576.6459505619177 | 0.018842204 |  909.7795396244867 |
| 233 |    33 | 1856943388.1240373 |  4.569253733299781e-09 |     923 |  553.1168072726668 | 0.018842204 |  909.7795396244867 |
| 234 |    46 | 1867282715.2226145 | 6.3742560585690645e-09 |     921 |  607.9571973628026 | 0.018842204 |  909.7795396244867 |
| 235 |    44 | 1871361730.6084552 |  6.091024937243792e-09 |     927 |  584.1911890550455 | 0.018842205 |  909.7795396244867 |
| 236 |    75 | 2888211609.2593546 |  7.067816498921259e-09 |    1031 |  684.4778039806224 |  0.02362081 |  909.7795396244867 |
| 237 |   329 | 14889894097.339579 |  5.673640977337471e-09 |     920 | 1346.3389612195188 | 0.048048157 |  909.7795396244867 |
| 238 |   393 |  20637942903.98334 |  4.916530737202782e-09 |    1212 | 1597.4954923980968 |  0.05265582 |  941.7795396244867 |
| 239 |    42 | 1824020603.7811565 | 5.9206081579527375e-09 |     945 |  518.2985804173986 | 0.020192493 |  941.7795396244867 |
| 240 |    11 |  1206251786.038594 | 2.3021046745320474e-09 |     777 |   321.476907408447 | 0.019993626 |  941.7795396244867 |
| 241 |    15 |   1163311332.72022 |  3.324171762216343e-09 |     955 | 288.62591917317695 |  0.01959819 |  941.7795396244867 |
| 242 |    24 |  1208762984.241517 |  5.127581905378171e-09 |     950 | 297.17852485776893 |  0.01959819 |  941.7795396244867 |
| 243 |    14 | 1240608080.5588355 |  2.933052253001126e-09 |     955 |   320.219004837817 |  0.01959819 |  941.7795396244867 |
| 244 |    24 | 1235267545.5718927 |  5.080704732289281e-09 |    1046 | 295.21186740637404 | 0.019598192 |  941.7795396244867 |
| 245 |    19 | 1190881844.4113677 | 4.1875831401651115e-09 |     957 | 305.81804008329345 | 0.019598188 |  941.7795396244867 |
| 246 |    21 | 1215868366.6721094 | 4.4873790812591975e-09 |     955 |  335.6094917770315 |  0.01959819 |  941.7795396244867 |
| 247 |    14 | 1175161388.2067628 | 3.1183611314220164e-09 |     957 |  322.5182129469558 | 0.019598188 |  941.7795396244867 |
| 248 |    23 |  1111415427.448986 |  5.396987910116663e-09 |     955 |  298.1558487751536 | 0.019598056 |  941.7795396244867 |
| 249 |    13 | 1240969008.4764643 | 2.5613591524576194e-09 |    1074 |  298.7479672955874 | 0.019438095 |  941.7795396244867 |
| 250 |    32 | 1760348615.9905596 |  4.769201959308799e-09 |     952 |  531.5915357229574 | 0.018843262 |  941.7795396244867 |
| 251 |    30 |  1932877833.139792 |  4.008264738585533e-09 |     959 |  644.9888577675201 | 0.018842204 |  941.7795396244867 |
| 252 |    40 | 1896969777.6598392 |  5.484624177489348e-09 |     956 |   556.758808420398 | 0.018842204 |  941.7795396244867 |
| 253 |    33 | 1545613943.1933625 | 5.5068500017416464e-09 |     772 | 474.24593705211737 | 0.018842205 |  941.7795396244867 |
| 254 |    49 | 1928755261.6818974 |  6.603314414895429e-09 |     955 |  623.2835909971182 | 0.018842204 |  941.7795396244867 |
| 255 |    28 |  1630008800.351482 |  4.466170050558124e-09 |     868 |  528.7910443098626 | 0.018842205 |  941.7795396244867 |
| 256 |    44 | 1379138068.6508079 |  8.235080652605173e-09 |     857 | 477.76561881066846 |  0.01880839 |  941.7795396244867 |
| 257 |   120 |  5927225928.487682 |  6.958689339287285e-09 |    1083 |  803.1940645318227 | 0.032786995 |  941.7795396244867 |
| 258 |   313 |  15803884696.83037 |  5.120738455608779e-09 |     956 | 1289.5840556558942 |  0.05769182 |  941.7795396244867 |
| 259 |   352 | 18291922955.558872 |  4.969355649429367e-09 |    1061 | 1390.0592698939672 | 0.054955818 |  973.7795396244867 |
| 260 |    18 | 1536601014.7154493 | 2.9717650173821373e-09 |     920 |   446.413523837924 | 0.020143397 |  973.7795396244867 |
| 261 |    13 | 1134290456.0795417 | 2.9942207937723738e-09 |     988 | 268.07429880064956 |   0.0196421 |  973.7795396244867 |
| 262 |    21 | 1164609204.8510551 | 4.6606587774261666e-09 |     981 | 299.00631093825723 | 0.019598192 |  973.7795396244867 |
| 263 |    19 | 1236908279.8478022 |  3.954011483410298e-09 |     997 | 334.63411991507746 |  0.01959819 |  973.7795396244867 |
| 264 |    12 | 1057197778.5851455 |    3.0905684699668e-09 |     888 | 220.40361976863642 |  0.01959819 |  973.7795396244867 |
| 265 |    23 | 1146463152.4498024 | 5.2529826803759666e-09 |     980 | 323.84893564755566 |  0.01959819 |  973.7795396244867 |
| 266 |    24 |  1232167792.993328 | 4.9664325448887494e-09 |     980 |  339.4068625120108 |  0.01959819 |  973.7795396244867 |
| 267 |    22 | 1209860601.5458274 |  4.626437631030847e-09 |     988 | 320.86971674268534 |  0.01959819 |  973.7795396244867 |
| 268 |    16 | 1169699698.7258568 |  3.514704637543267e-09 |     988 |  345.0856237160533 |  0.01959819 |  973.7795396244867 |
| 269 |    12 | 1145016488.9149973 | 2.7429468642279687e-09 |     991 |  310.8592203784028 | 0.019598192 |  973.7795396244867 |
| 270 |    13 | 1118890763.6562514 | 3.0650776025666744e-09 |     987 | 312.71219611209017 | 0.019598192 |  973.7795396244867 |
| 271 |     8 | 1146205285.8999932 | 1.7407085970322783e-09 |     953 | 265.74142025337915 | 0.019482115 |  973.7795396244867 |
| 272 |    26 | 1682737936.2183676 | 3.7636008469791786e-09 |     968 |  519.0455826271336 | 0.018895397 |  973.7795396244867 |
| 273 |    25 | 1891275700.7449327 | 3.4006463629901286e-09 |     990 |  624.4311763579353 | 0.018842204 |  973.7795396244867 |
| 274 |    19 | 1920520556.2950451 | 2.5347442554033907e-09 |     988 |   623.258328728838 | 0.018842205 |  973.7795396244867 |
| 275 |    28 | 1524168257.4454484 |   4.70625380732936e-09 |     843 |  515.2439332666472 | 0.018842205 |  973.7795396244867 |
| 276 |    36 | 1457863865.5917382 |  6.185159302368733e-09 |     983 |  446.7188863446063 | 0.018728813 |  973.7795396244867 |
| 277 |    24 | 1182391048.2828116 |  5.288027336631535e-09 |     995 | 364.97786908540365 | 0.018307477 |  973.7795396244867 |
| 278 |    16 | 1101943745.9544244 |  3.743845651068384e-09 |     985 | 308.54743026538563 | 0.018099869 |  973.7795396244867 |
| 279 |   234 | 12438834940.977169 |   5.02940591524473e-09 |     923 | 1131.8242075754733 |  0.05713713 |  973.7795396244867 |
| 280 |   279 | 16375334319.705408 |  4.402827658335593e-09 |     990 | 1323.6451933470162 |   0.0581793 |  973.7795396244867 |
| 282 |    19 | 1067446784.2872384 |  4.324344314051814e-09 |     948 |   321.997713327215 | 0.019829517 | 1005.7795396244867 |
| 283 |    12 |  1045320149.179151 | 2.9567601843652033e-09 |    1021 |  299.0366562807867 |  0.01959819 | 1005.7795396244867 |
| 284 |    11 |  1153130738.343843 |  2.487600669064068e-09 |    1030 |  298.9506575503692 |  0.01959819 | 1005.7795396244867 |
| 285 |    19 |  1082906977.666497 | 4.4954636198921324e-09 |     938 | 244.33525779797492 |  0.01959819 | 1005.7795396244867 |
| 286 |    13 | 1052340463.7292012 | 3.2377467124372185e-09 |     970 |  255.5576672727093 |  0.01959819 | 1005.7795396244867 |
| 287 |    13 | 1243054719.9917912 | 2.6754157591452027e-09 |    1023 |  309.5301117889376 |  0.01959819 | 1005.7795396244867 |
| 288 |    25 | 1205639359.2120047 | 5.3428772745268515e-09 |    1002 | 268.05328632927194 |  0.01959819 | 1005.7795396244867 |
| 289 |    23 | 1189083323.8403869 |   4.90798811382874e-09 |    1017 |  320.0252469939005 |  0.01959819 | 1005.7795396244867 |
| 290 |    19 | 1201786345.9121323 |  4.032153140266121e-09 |    1021 |  352.5807916334429 | 0.019614775 | 1005.7795396244867 |
| 291 |    35 | 1558453307.1722233 |  5.953858359669554e-09 |    1022 | 509.26215632892627 | 0.019674296 | 1005.7795396244867 |
| 292 |    23 |  1244909366.417958 |   4.88571618840793e-09 |    1022 | 374.50910255005556 | 0.019618846 | 1005.7795396244867 |
| 293 |    22 |  1075241724.126951 | 5.4113908480767275e-09 |    1020 |  332.8388897696059 | 0.019598152 | 1005.7795396244867 |
| 294 |    17 | 1082009823.0108898 | 3.7194615451466563e-09 |     948 | 252.53969619860436 | 0.019409372 | 1005.7795396244867 |
| 295 |    35 | 1690952088.4427965 |   5.25217259290975e-09 |    1009 |  573.1191257944447 | 0.018853605 | 1005.7795396244867 |
| 296 |    33 | 1593113988.4491224 |  5.295617423601888e-09 |    1022 | 507.45932159110816 | 0.018831298 | 1005.7795396244867 |
| 297 |    16 | 1205136670.9653525 | 3.2415425249285477e-09 |     988 |  380.7345359776373 | 0.018471412 | 1005.7795396244867 |
| 298 |    13 |  1102305257.477176 |  2.991515198695835e-09 |    1019 |  281.3912816107768 | 0.018120991 | 1005.7795396244867 |
| 299 |    22 | 1133558777.0529053 |  4.946011776390808e-09 |    1016 |  305.7403008160436 | 0.018099114 | 1005.7795396244867 |
| 300 |    22 | 1142167731.8691583 |  4.945605128763141e-09 |     983 |  303.9346825914872 | 0.018099112 | 1005.7795396244867 |
| 301 |   268 | 13942978146.915777 |  4.870072297591811e-09 |     992 | 1263.9369389776584 |   0.0581793 | 1005.7795396244867 |
| 302 |   300 | 17041860277.246935 |  4.547956785273009e-09 |    1023 |  1333.117961235068 |   0.0581793 | 1005.7795396244867 |
| 303 |   231 | 12264867714.777298 |  4.863807381307845e-09 |     720 | 1027.4065255006062 | 0.058179293 | 1037.7795396244867 |
| 304 |    10 |  898823535.1875579 |  2.889598586609982e-09 |    1062 | 288.51481944477564 | 0.019598192 | 1037.7795396244867 |
| 305 |     8 |  966717199.5899224 | 2.1246967865995567e-09 |     953 | 253.16770017671024 |  0.01959819 | 1037.7795396244867 |
| 306 |    12 |  962568413.2527249 |   3.18999705300761e-09 |     986 |   259.736198337052 | 0.019598192 | 1037.7795396244867 |
| 307 |     9 |  1186616570.710033 | 1.9459162132777794e-09 |    1052 | 325.50862336374666 | 0.019598192 | 1037.7795396244867 |
| 308 |    17 |  1209697562.061829 |  3.610864678981948e-09 |    1056 |  329.4201389230129 | 0.019598192 | 1037.7795396244867 |
| 309 |    21 | 1185836747.4285989 |   4.38015371343774e-09 |    1056 | 343.92990035622825 | 0.019598192 | 1037.7795396244867 |
| 310 |    15 | 1278788343.3801696 | 3.0372292370757455e-09 |    1055 |  342.5105285021864 | 0.019627724 | 1037.7795396244867 |
| 311 |    36 | 1905401438.6036952 |  4.822833131705204e-09 |    1054 |    608.78367777331 | 0.019708188 | 1037.7795396244867 |
| 312 |    38 | 2053403034.9619699 |  4.768530225697827e-09 |    1055 |  667.7931705168976 |  0.01971108 | 1037.7795396244867 |
| 313 |    20 | 1592428282.2267632 | 3.2594828382384674e-09 |    1054 |    513.01236477044 | 0.019682162 | 1037.7795396244867 |
| 314 |    13 | 1097814115.2688012 | 3.1187274461859195e-09 |    1055 |  373.5285370489146 | 0.019600866 | 1037.7795396244867 |
| 315 |    16 |  873288095.9112606 |  4.638852952615028e-09 |     962 | 341.79093310299504 |  0.01959623 | 1037.7795396244867 |
| 316 |    13 | 1050559350.3998446 |  2.867270826766314e-09 |    1032 | 408.24846555028853 | 0.018543754 | 1037.7795396244867 |
| 317 |    16 |  915942823.6489279 |  4.546628574480995e-09 |     933 | 290.32962251497884 | 0.018106284 | 1037.7795396244867 |
| 318 |    20 | 1123663308.5936542 |  4.638194278047099e-09 |    1054 |  308.5819658954533 | 0.018099114 | 1037.7795396244867 |
| 319 |    20 | 1183466749.7789724 |   4.33030528742605e-09 |    1061 |  334.5289018737567 | 0.018099114 | 1037.7795396244867 |
| 320 |    18 | 1234670762.1692019 |  3.799986821635555e-09 |    1054 | 348.97883119801554 | 0.018099114 | 1037.7795396244867 |
| 321 |    28 |  2198363654.215105 |  3.521285216277088e-09 |     992 |  420.5906566302183 |  0.02407882 | 1037.7795396244867 |
| 322 |    62 |  4083203183.023634 |  4.737003110434992e-09 |     977 |  482.7503309640333 | 0.031062616 | 1037.7795396244867 |
| 323 |    72 |  5956285892.244801 | 2.6815396994903618e-09 |     962 |  532.5320943699771 | 0.035506133 | 1069.7795396244867 |
| 324 |    15 |  824495891.5845438 |  5.063146738392018e-09 |    1008 |  253.6383218120909 |  0.01959819 | 1069.7795396244867 |
| 325 |    14 |  865134511.3922917 |  4.363321792142883e-09 |     871 | 252.38667164244998 |  0.01959819 | 1069.7795396244867 |
| 326 |    10 |  900767175.2319034 |  2.856401055408104e-09 |     871 | 244.91727535426799 |  0.01959819 | 1069.7795396244867 |
| 327 |     9 |  919914963.2916418 | 2.6113382681747802e-09 |     869 | 275.91275727865104 |  0.01959819 | 1069.7795396244867 |
| 328 |    18 |  929204078.6945465 | 5.2660191035755636e-09 |     871 | 253.56747316981637 | 0.019606873 | 1069.7795396244867 |
| 329 |    25 | 1329766608.8750367 |   4.87233034997636e-09 |     869 | 406.60382828217007 | 0.019690163 | 1069.7795396244867 |
| 330 |    31 | 1710932286.1731286 |  4.628896324579605e-09 |     871 |  519.0479954914945 |  0.01971108 | 1069.7795396244867 |
| 331 |    14 | 1734390992.3051696 | 2.1178090808907273e-09 |     869 |  517.9903869324253 |  0.01971108 | 1069.7795396244867 |
| 332 |    22 | 1739755035.2238278 | 3.1951166901944825e-09 |     871 |   562.658667034375 |  0.01971108 | 1069.7795396244867 |
| 333 |    27 |  1674311780.717255 |  4.128196975963486e-09 |     870 |  535.5803727641114 | 0.019711081 | 1069.7795396244867 |
| 334 |    20 |  1288869448.783399 |  4.163406225578738e-09 |     869 |  405.2425324232563 |  0.01969627 | 1069.7795396244867 |
| 335 |    13 |  733222966.5757034 |  4.281779400667622e-09 |     994 | 272.18835033579126 | 0.019235773 | 1069.7795396244867 |
| 336 |    10 |  949832208.7857022 | 2.6653767543731967e-09 |    1072 |  271.1013487482451 | 0.018099116 | 1069.7795396244867 |
| 337 |    11 |  876006462.3579031 | 3.2112236542890584e-09 |     871 | 232.97889498705263 | 0.018099114 | 1069.7795396244867 |
| 338 |    18 |  959057217.4193594 |  4.848110955603107e-09 |     877 |  272.8767049611197 | 0.018099114 | 1069.7795396244867 |
| 339 |    15 | 1241010942.3867974 | 3.1317796842652037e-09 |    1080 |  352.0524823496162 | 0.018099116 | 1069.7795396244867 |
| 340 |    22 | 1205591810.6862974 |  4.576837988722739e-09 |    1054 |  306.4369590374581 | 0.018099114 | 1069.7795396244867 |
| 341 |    16 |  1100686908.256412 |  3.873263903877071e-09 |    1021 | 282.63699378234014 | 0.018099112 | 1069.7795396244867 |
| 342 |    23 | 1181285892.6249764 |  4.933980911460328e-09 |    1072 |  341.3499293950181 | 0.018099116 | 1069.7795396244867 |
| 344 |    12 |  837155716.9971352 |  3.768589078942991e-09 |    1029 |  261.5498486521301 | 0.019598192 | 1101.7795396244867 |
| 345 |    15 |  808990353.2000384 | 4.9862924154008495e-09 |     896 |  257.3790677367433 |  0.01959819 | 1101.7795396244867 |
| 346 |    11 | 1059572273.6591258 | 2.5824102091771587e-09 |     895 | 318.25639542531917 | 0.019648137 | 1101.7795396244867 |
| 347 |    20 | 1611392463.4679961 | 3.1964534390899546e-09 |     896 |  515.6834307528097 |  0.01971108 | 1101.7795396244867 |
| 348 |    24 | 1774091211.3296976 | 3.5195696519899488e-09 |     895 |  559.7140215950367 | 0.019711077 | 1101.7795396244867 |
| 349 |    23 | 1821205435.0381846 |  3.286448472120803e-09 |     896 |  557.5682745623708 |  0.01971108 | 1101.7795396244867 |
| 350 |    24 |  1841132003.336001 | 3.3622526088708677e-09 |     897 |  582.7874984679638 | 0.019711081 | 1101.7795396244867 |
| 351 |    19 | 1724279910.7715232 | 2.8440481952551255e-09 |     897 |  546.7453170868284 | 0.019711081 | 1101.7795396244867 |
| 352 |    23 | 1302947526.2428088 | 5.0299669557690285e-09 |     895 |  438.6670319365094 | 0.019714484 | 1101.7795396244867 |
| 353 |    15 |  842837807.6087291 | 4.4175269102483145e-09 |     895 |  289.0948569851389 | 0.019789912 | 1101.7795396244867 |
| 354 |    15 |  794929684.6374493 |  4.572338518987226e-09 |     973 |  271.8054953879782 | 0.018207248 | 1101.7795396244867 |
| 355 |    26 |  887147189.5652945 |  7.537000083069752e-09 |     897 | 264.77127405198553 | 0.018099114 | 1101.7795396244867 |
| 356 |    24 | 1093465940.8125398 | 5.5681675927012555e-09 |    1052 |  274.1070799454037 | 0.018099114 | 1101.7795396244867 |
| 357 |    13 | 1070692576.0220808 | 3.1620947077152542e-09 |    1071 | 251.45882708432964 | 0.018099114 | 1101.7795396244867 |
| 358 |    10 |  967333256.5796409 |  2.662176240551032e-09 |     897 |  261.9710630524405 | 0.018099114 | 1101.7795396244867 |
| 359 |    11 | 1028414688.0861323 | 2.8071923069722756e-09 |     896 |  317.6441904349431 | 0.018099114 | 1101.7795396244867 |
| 360 |     7 | 1055060414.9798927 | 1.7057261553743172e-09 |     895 | 282.10885751094247 | 0.018099112 | 1101.7795396244867 |
| 362 |    14 | 1044110163.8546847 |  4.563220406737289e-09 |     956 | 341.90619992901793 |  0.01966786 | 1133.7795396244867 |
| 363 |    28 | 1666136749.8698502 |  4.284047931965232e-09 |     921 |  586.4752081989463 |  0.01971108 | 1133.7795396244867 |
| 364 |    25 | 1779528401.8897262 | 3.6295268546571536e-09 |     924 |  595.4400155039011 |  0.01971108 | 1133.7795396244867 |
| 365 |    20 | 1898336242.9577048 |  2.705124996220589e-09 |     924 |  530.9161092992654 |  0.01971108 | 1133.7795396244867 |
| 366 |    29 | 1889091172.1668978 |   3.89796210510502e-09 |     924 |  555.7570027562924 |  0.01971108 | 1133.7795396244867 |
| 367 |     9 | 1636119393.5645728 | 1.3822380940159267e-09 |     924 |  583.2705525705787 |  0.01971108 | 1133.7795396244867 |
| 368 |    19 | 1147523322.8561344 |   4.15584087100413e-09 |     923 |  329.3242271003164 | 0.019749971 | 1133.7795396244867 |
| 369 |    15 |  960276373.0197248 |  3.970871541524074e-09 |     921 |  251.8742357080573 |  0.01982029 | 1133.7795396244867 |
| 370 |     7 |  914711277.3354688 | 2.0054588879856606e-09 |     925 |  267.9402357094623 | 0.019823967 | 1133.7795396244867 |
| 371 |    11 |   701134423.958723 |  3.680018576611592e-09 |     886 |  237.6339620811782 |  0.01921657 | 1133.7795396244867 |
| 372 |     4 |  799981117.0378227 | 1.2178200172617957e-09 |     943 | 232.38059296042184 | 0.018099114 | 1133.7795396244867 |
| 373 |    12 |  739066131.3077968 |  4.179104787849079e-09 |     786 | 210.93654248448456 | 0.018099114 | 1133.7795396244867 |
| 374 |    11 |  931315603.9433885 |  3.098240098665489e-09 |     873 |  263.5109151353472 | 0.018099114 | 1133.7795396244867 |
| 375 |    19 | 1036456228.4958954 |   4.75539348179564e-09 |     922 |   295.622604563976 | 0.018099114 | 1133.7795396244867 |
| 376 |    17 |  1039919553.799472 |  4.238320479177096e-09 |     923 | 245.87813275743974 | 0.018099114 | 1133.7795396244867 |
| 377 |    14 | 1027809278.6571729 |   3.52557517381532e-09 |     919 | 285.50574088812755 | 0.018099116 | 1133.7795396244867 |
| 378 |    15 |  794847302.3356822 |  4.843953170948635e-09 |     714 | 251.49972499303112 | 0.018099114 | 1165.7795396244867 |
| 379 |     8 |  848967317.8238361 |  2.291545432326245e-09 |    1059 | 339.30960461703626 |  0.01981981 | 1165.7795396244867 |
| 380 |    14 | 1264522180.7072828 |  2.696937038426639e-09 |     951 | 467.20115518297007 |  0.01975227 | 1165.7795396244867 |
| 381 |    29 | 1807910881.2435398 |  4.048682149209039e-09 |     949 |  542.7413008945423 |  0.01971108 | 1165.7795396244867 |
| 382 |    25 | 1907240710.1368241 | 3.3579432529721082e-09 |     950 |  609.3080494768692 |  0.01971108 | 1165.7795396244867 |
| 383 |    17 | 1675332067.7316794 | 2.6269547308741575e-09 |     892 |  558.7901377247254 |  0.01971108 | 1165.7795396244867 |
| 384 |    17 | 1049105572.2886051 |  4.194977367964114e-09 |     780 | 308.45735428552325 | 0.019743642 | 1165.7795396244867 |
| 385 |    14 | 1075792379.1775365 | 3.3964080662224962e-09 |     936 |  303.7447880296422 | 0.019819988 | 1165.7795396244867 |
| 386 |    19 | 1101246604.6369333 |  4.430032957809589e-09 |     949 | 265.76079055629816 | 0.019823967 | 1165.7795396244867 |
| 387 |    11 | 1013171761.4538229 | 2.7977265191091734e-09 |     950 | 273.28746736074754 | 0.019823968 | 1165.7795396244867 |
| 388 |    15 |  857500712.8703134 |  4.430079063231687e-09 |     948 |  262.1902836921945 | 0.019823968 | 1165.7795396244867 |
| 389 |    12 |  785769025.2556626 |  4.140599110853085e-09 |    1055 |  280.9413807061851 | 0.019089883 | 1165.7795396244867 |
| 390 |    10 |  859536833.0140885 | 2.9714372661638447e-09 |     945 | 279.84329297041677 | 0.018099114 | 1165.7795396244867 |
| 391 |    16 |     947426013.5384 | 4.3332785641395285e-09 |     948 |  280.5650510628393 | 0.018099112 | 1165.7795396244867 |
| 392 |     9 |  990804242.5531626 |  2.456761165659325e-09 |     952 | 279.98696920831753 | 0.018099114 | 1165.7795396244867 |
| 393 |     8 |  990492288.2329429 |   2.07231565117865e-09 |     928 |  301.1665977014727 | 0.018099114 | 1165.7795396244867 |
| 394 |     7 |   984563929.643163 | 1.7633532479793482e-09 |     947 |  296.0107438954692 | 0.018099114 | 1165.7795396244867 |
| 395 |    14 |  1209951002.442325 | 3.1844356733072957e-09 |    1155 |  377.0019751576838 | 0.018099114 | 1197.7795396244867 |
| 396 |     5 |   788786239.813127 | 1.6325507626459438e-09 |     939 |  279.2850799094517 | 0.019823967 | 1197.7795396244867 |
| 397 |    10 |  960191605.9354646 | 2.7264413210495723e-09 |     974 |   321.513253762535 | 0.019823967 | 1197.7795396244867 |
| 398 |    12 | 1056631262.9578187 |  3.055795013673127e-09 |     978 | 357.32544427795983 | 0.019820735 | 1197.7795396244867 |
| 399 |     8 |  1417298556.264184 | 1.5020568768481133e-09 |     975 |  430.4664846807864 | 0.019753687 | 1197.7795396244867 |
| 400 |    20 | 1609218816.6220734 |  3.086111382075648e-09 |     953 |  498.1171609384346 | 0.019711433 | 1197.7795396244867 |
| 401 |    14 | 1080954453.4457917 | 3.3449674549826923e-09 |     872 |  298.2016880377887 | 0.019783964 | 1197.7795396244867 |
| 402 |    12 | 1185608803.0738475 | 2.6208307694639934e-09 |     977 |  299.8209611924249 | 0.019823967 | 1197.7795396244867 |
| 403 |    12 |  1194959867.845671 | 2.5816385137520937e-09 |     975 | 305.18609156283856 | 0.019823965 | 1197.7795396244867 |
| 404 |    13 |  1098709965.640048 |  3.037544241175934e-09 |     976 |  286.3661188548431 | 0.019823965 | 1197.7795396244867 |
| 405 |     9 |  990937752.8182001 | 2.3885946124415646e-09 |     974 |   273.290054955447 | 0.019823967 | 1197.7795396244867 |
| 406 |    13 |  998008830.9140501 |  3.526611847275886e-09 |     975 | 261.62183307265514 | 0.019823965 | 1197.7795396244867 |
| 407 |     4 |  719909405.8010252 | 1.6276765149350454e-09 |     872 | 208.54574899145564 | 0.019802207 | 1197.7795396244867 |
| 408 |     8 |  810770734.1799855 |  2.414498203866788e-09 |    1007 |  273.6534954648723 | 0.018099114 | 1197.7795396244867 |
| 409 |    11 |  898548237.6023092 | 3.0948443951136193e-09 |     974 |  272.5518395485724 | 0.018099112 | 1197.7795396244867 |
| 410 |     9 |  937331911.3840108 | 2.3618119846251414e-09 |     974 |  292.0682491748539 | 0.018099112 | 1197.7795396244867 |
| 411 |     8 |  837703081.7235225 |   2.47169937917201e-09 |     817 | 227.20258680542065 | 0.018099114 | 1197.7795396244867 |
| 412 |    14 | 1009183589.3093796 | 3.6270732753487495e-09 |     976 | 298.02754007521435 | 0.018099112 | 1197.7795396244867 |
| 413 |    19 |  980470232.8551886 |  4.942016997517984e-09 |     939 |  281.1049357433767 | 0.018099114 | 1229.7795396244867 |
| 414 |    14 |  722024417.5112715 |  5.445429791730826e-09 |     883 |  307.1178673486593 | 0.019823967 | 1229.7795396244867 |
| 415 |    10 |  963819757.9345177 | 2.6318921332522577e-09 |     992 | 323.25002595381693 | 0.019823967 | 1229.7795396244867 |
| 416 |    14 | 1043594426.1955049 | 3.4002936208710237e-09 |     986 | 269.60514797376527 | 0.019823967 | 1229.7795396244867 |
| 417 |    11 | 1106997637.3444147 | 2.5704647016851477e-09 |    1003 | 341.65566009909253 | 0.019823967 | 1229.7795396244867 |
| 418 |    13 | 1007438079.2909482 | 3.2908968293438593e-09 |    1001 |   290.629239736978 | 0.019823967 | 1229.7795396244867 |
| 419 |    11 | 1137755778.3431923 | 2.4268405116137023e-09 |     994 | 357.18123158387243 |  0.01980909 | 1229.7795396244867 |
| 420 |     8 | 1249150931.6988068 | 1.6186535366199746e-09 |    1003 | 342.99168974337954 | 0.019823967 | 1229.7795396244867 |
| 421 |    11 | 1267453596.2602687 | 2.2287738752579053e-09 |    1001 | 324.92661822973605 | 0.019823967 | 1229.7795396244867 |
| 422 |     6 |  1178013553.175473 |  1.311298541444496e-09 |    1003 | 313.87559146953936 | 0.019823967 | 1229.7795396244867 |
| 423 |    10 | 1109132833.3884587 |  2.338541972422848e-09 |    1003 | 281.71073190662355 | 0.019823967 | 1229.7795396244867 |
| 424 |     9 |  1145209295.757435 | 2.0767723576738703e-09 |     982 | 270.55168106257406 | 0.019823967 | 1229.7795396244867 |
| 425 |     6 |  984246648.1050856 | 1.5414646871351885e-09 |    1008 | 233.58947083378962 | 0.019823967 | 1229.7795396244867 |
| 426 |    11 |  916069084.7765841 | 3.2196005000585206e-09 |    1002 |  280.9174521405166 | 0.019823965 | 1229.7795396244867 |
| 427 |    15 |  828725802.1445327 |  4.932605761277537e-09 |    1047 |  261.2135221141589 | 0.019288553 | 1229.7795396244867 |
| 428 |     6 |  689753512.7105935 |  2.327350833738992e-09 |     815 | 210.93354804055707 | 0.018099114 | 1229.7795396244867 |
| 429 |    13 |  939820849.5278046 | 3.5710600238052247e-09 |    1003 | 285.89003914208297 | 0.018099114 | 1229.7795396244867 |
| 430 |    16 |   984495859.268168 |  4.215401418275127e-09 |    1001 | 301.73066009531976 | 0.018099114 | 1229.7795396244867 |
| 431 |    12 | 1029307858.7360418 | 2.9671377109379563e-09 |    1000 |  307.8414626898011 | 0.018099114 | 1229.7795396244867 |
| 432 |    11 | 1027771552.7186093 | 2.7602029315657392e-09 |    1027 |   295.935514089193 | 0.018099116 | 1261.7795396244867 |
| 433 |     9 |  809505582.9919157 |  3.203592833520478e-09 |     964 |  316.2144911395744 | 0.019823967 | 1261.7795396244867 |
| 434 |    15 | 1015992388.7223475 |  3.830890730558147e-09 |    1028 | 313.83779822952783 | 0.019823965 | 1261.7795396244867 |
| 435 |    15 |  1125664306.830381 | 3.4016821050364894e-09 |    1029 | 341.04297484329163 | 0.019823967 | 1261.7795396244867 |
| 436 |    12 | 1209792857.2931767 | 2.5491044427476985e-09 |    1026 |  337.0222758587797 | 0.019823967 | 1261.7795396244867 |
| 437 |     9 | 1009871271.8719567 | 2.3782143919397527e-09 |     971 | 255.81472236057016 | 0.019823968 | 1261.7795396244867 |
| 438 |     8 | 1215800099.0705752 |  1.689176774900616e-09 |    1028 |  361.3836833821897 | 0.019823965 | 1261.7795396244867 |
| 439 |     6 | 1318707825.5728483 | 1.1857692304620823e-09 |    1027 |  351.8566839793857 | 0.019823968 | 1261.7795396244867 |
| 440 |    12 | 1306958188.1749644 | 2.3494530256845636e-09 |    1030 |  341.1474946682938 | 0.019823967 | 1261.7795396244867 |
| 441 |    10 |  1195653365.788797 | 2.0859351457666845e-09 |    1029 |  330.5909904058317 | 0.019823967 | 1261.7795396244867 |
| 442 |    15 | 1235233240.9732504 | 3.0690937936831064e-09 |    1029 |  314.2167977441568 | 0.019823967 | 1261.7795396244867 |
| 443 |    18 | 1057832955.4085829 |  4.321838797965854e-09 |     903 | 266.21693511935155 | 0.019823968 | 1261.7795396244867 |
| 444 |    12 |  951876028.2547414 |  3.379435771838433e-09 |     919 |  235.2278093399318 | 0.019823967 | 1261.7795396244867 |
| 445 |    14 | 1138890035.9674134 | 3.3514508881409145e-09 |    1031 | 295.91720731266923 | 0.019823968 | 1261.7795396244867 |
| 446 |    19 | 1115665699.7961564 | 4.4021045519474525e-09 |    1029 | 296.98229196979264 | 0.019823967 | 1261.7795396244867 |
| 447 |    11 |  976124201.3693463 | 2.8667735372290385e-09 |    1024 |  286.5166772048251 | 0.019823967 | 1261.7795396244867 |
| 448 |    10 |   670822910.154983 |  4.190770059734929e-09 |     913 | 240.86548047679207 | 0.018675325 | 1261.7795396244867 |
| 449 |     6 |  921480882.0072516 |  1.682627975436176e-09 |    1028 |  296.8329574237541 | 0.018099112 | 1261.7795396244867 |
| 450 |     7 |  945002765.8803204 | 2.0443778375252673e-09 |    1029 | 327.11752758027797 | 0.018099114 | 1261.7795396244867 |
| 451 |    15 |  958329120.9203892 |  4.036841663873387e-09 |    1029 |  309.2350386194703 | 0.018099114 | 1261.7795396244867 |
| 452 |    13 | 1175433369.7266345 | 2.8976435096597066e-09 |    1205 |  404.9574800792434 | 0.018099114 | 1293.7795396244867 |
| 453 |     7 |  868471965.5898373 | 2.0852350859932624e-09 |    1027 |  312.8198717453588 | 0.019823968 | 1293.7795396244867 |
| 454 |     8 | 1047913881.7794237 | 1.9720750833400334e-09 |    1051 | 398.32405169761296 | 0.019823965 | 1293.7795396244867 |
| 455 |     7 | 1174173256.0303414 | 1.5280834858374251e-09 |    1056 |  369.2655539296702 | 0.019823967 | 1293.7795396244867 |
| 456 |    21 |  1268075372.413425 |  4.270220444198813e-09 |    1056 |  367.9297793981841 | 0.019823967 | 1293.7795396244867 |
| 457 |     8 | 1198605080.4445982 | 1.7279229478441712e-09 |    1056 |  354.7312869545658 | 0.019823967 | 1293.7795396244867 |
| 458 |    17 | 1255022103.7300935 | 3.5257608232549904e-09 |    1054 | 302.66861483029606 | 0.019823965 | 1293.7795396244867 |
| 459 |    11 | 1302307470.2993524 | 2.1856554375757487e-09 |    1052 |   289.161293217865 | 0.019823967 | 1293.7795396244867 |
| 460 |    15 | 1317440856.3232217 | 2.9904607410380236e-09 |    1053 |  358.9733012116594 | 0.019823965 | 1293.7795396244867 |
| 461 |    13 | 1238598154.0070708 |  2.625686536957653e-09 |    1055 | 349.98063639354586 | 0.019823967 | 1293.7795396244867 |
| 462 |    18 |  1308692847.271194 |  3.399666779494243e-09 |    1031 | 315.86031769665715 | 0.019823968 | 1293.7795396244867 |
| 463 |    19 | 1234887283.5371614 |  4.031112508066136e-09 |    1122 |  297.3481562934194 | 0.019823967 | 1293.7795396244867 |
| 464 |    18 | 1238042929.4318702 |  3.754156426519092e-09 |    1055 |  324.2246987549506 | 0.019823967 | 1293.7795396244867 |
| 465 |    20 | 1288410264.0177758 |  4.023585927134024e-09 |    1055 |   332.502466951576 | 0.019823967 | 1293.7795396244867 |
| 466 |    10 |   1221414357.84967 |  2.121150242789814e-09 |    1057 | 319.53689674985435 | 0.019823968 | 1293.7795396244867 |
| 467 |    11 | 1111186196.3221982 | 2.6459259624091424e-09 |    1055 |  336.3111648940794 | 0.019823967 | 1293.7795396244867 |
| 468 |     7 |  927905115.8254066 | 1.8569988265974691e-09 |    1054 |  274.6172221138404 | 0.019823965 | 1293.7795396244867 |
| 469 |     8 |  711618950.5983249 |  3.162113505344074e-09 |     994 | 222.37063096221755 | 0.018607546 | 1293.7795396244867 |
| 470 |     8 |  903243909.3100705 |  2.341766215513413e-09 |    1054 | 298.01301011998294 | 0.018099114 | 1293.7795396244867 |
| 471 |     7 |   964233198.679199 |  1.849059089610355e-09 |    1052 |  300.0459152157491 | 0.018099114 | 1293.7795396244867 |
| 472 |    12 |  941385770.6114581 | 3.2328330185346083e-09 |    1054 | 336.32444598801885 | 0.018099114 | 1293.7795396244867 |
| 474 |     8 |  915239525.2915096 |  2.276869295690019e-09 |    1080 |  359.8085700499105 | 0.019823968 | 1325.7795396244867 |
| 475 |     7 | 1080395304.2733436 |  1.654946868602925e-09 |    1081 |  347.7225098941399 | 0.019823967 | 1325.7795396244867 |
| 476 |     8 | 1213223603.4107685 | 1.7016244671183697e-09 |    1083 |  352.6615669162111 | 0.019823967 | 1325.7795396244867 |
| 477 |    14 | 1296578182.4262676 |  2.778873532997569e-09 |    1081 |   353.335287015585 | 0.019823967 | 1325.7795396244867 |
| 478 |     9 | 1227862751.5968118 | 1.8645772663671607e-09 |    1082 |  371.5179768719918 | 0.019823967 | 1325.7795396244867 |
| 479 |    14 |  1335055041.399185 | 2.6832645880774065e-09 |    1081 | 372.65534890292474 | 0.019823967 | 1325.7795396244867 |
| 480 |     7 | 1386549920.6000817 | 1.3194237181742627e-09 |    1079 |  351.1605991931865 | 0.019823967 | 1325.7795396244867 |
| 481 |     9 | 1316773085.3463335 | 1.7685130351843203e-09 |    1077 |  287.6204915570015 | 0.019823967 | 1325.7795396244867 |
| 482 |     9 | 1278519960.8043897 |  1.706668133097312e-09 |    1065 |  302.7891164239227 | 0.019823967 | 1325.7795396244867 |
| 483 |     6 | 1210545500.5345953 | 1.1692932782752872e-09 |     971 |  297.6490842326298 | 0.019823968 | 1325.7795396244867 |
| 484 |    10 | 1108648113.8291311 | 2.2214236996846567e-09 |     991 |  288.7553193178919 | 0.019823965 | 1325.7795396244867 |
| 485 |    15 | 1350141956.0077763 | 2.8982462546863773e-09 |    1080 | 341.73747679922417 | 0.019823968 | 1325.7795396244867 |
| 486 |    14 | 1359322956.7311282 | 2.6779573229993137e-09 |    1081 |  339.1275746214742 | 0.019823967 | 1325.7795396244867 |
| 487 |     8 | 1315907102.5888581 | 1.5800150655815726e-09 |    1081 | 306.58217941656403 | 0.019823967 | 1325.7795396244867 |
| 488 |     9 | 1198740191.1453524 |   1.97314526154059e-09 |    1081 |  332.6645528047957 | 0.019823967 | 1325.7795396244867 |
| 489 |     5 |  1090096408.320859 | 1.1369296748455133e-09 |    1081 |  303.3766426965958 | 0.019823967 | 1325.7795396244867 |
| 490 |    10 |  1036348940.463457 |  2.496437310669045e-09 |    1082 | 308.19108665610474 | 0.019823967 | 1325.7795396244867 |
| 491 |     9 |  731717944.0300647 |  3.003274446265346e-09 |     894 | 210.07874371231446 |   0.0196291 | 1325.7795396244867 |
| 492 |    13 |   806336013.697334 |  4.265558660782632e-09 |    1036 |  279.1917551143306 | 0.018099114 | 1325.7795396244867 |
| 493 |    12 |  828901963.8561156 |  4.025254724607616e-09 |    1057 | 315.22901470215584 | 0.018099114 | 1325.7795396244867 |
| 494 |     6 |  499046752.9574103 |   2.87517041289468e-09 |     783 |  208.1283738093698 | 0.018099114 | 1357.7795396244867 |
| 495 |     9 |  950305955.6671842 | 2.3253845415145367e-09 |    1124 |  331.1684462997164 | 0.019823967 | 1357.7795396244867 |
| 496 |     9 | 1111408087.7704072 | 2.1187070838136126e-09 |    1120 | 331.59318173752035 | 0.019823967 | 1357.7795396244867 |
| 497 |     8 |  1227597267.543068 |  1.678777903200154e-09 |    1105 | 351.98554372960643 | 0.019823967 | 1357.7795396244867 |
| 498 |    10 | 1300254310.2618964 | 1.9830598178440935e-09 |    1108 |  362.2513773910323 | 0.019823967 | 1357.7795396244867 |
| 499 |     5 | 1260946131.5322878 | 1.0185068309367835e-09 |    1109 | 336.45544684822744 | 0.019823965 | 1357.7795396244867 |
| 500 |     9 | 1358578275.6640003 | 1.7412947964221636e-09 |    1109 | 361.22748345384025 | 0.019823965 | 1357.7795396244867 |
| 501 |    18 | 1427608141.6881948 |  3.233565342893065e-09 |    1104 | 356.15868653371945 | 0.019823967 | 1357.7795396244867 |
| 502 |    17 | 1476197006.4046526 |   2.98687933745527e-09 |    1108 | 385.15784633482326 | 0.019823967 | 1357.7795396244867 |
| 503 |    19 | 1469788240.4334993 |  3.360696497436328e-09 |    1106 | 402.89178873663695 | 0.019823967 | 1357.7795396244867 |
| 504 |     6 | 1203434491.5857472 |  1.317854373049957e-09 |    1080 | 267.63796855273927 | 0.019823965 | 1357.7795396244867 |
| 505 |    14 | 1373301114.5952406 |  2.753655406646434e-09 |    1108 |  325.9178392323747 | 0.019823967 | 1357.7795396244867 |
| 506 |    14 | 1446440261.8218331 |  2.497914366800551e-09 |    1110 |   392.340097168425 | 0.019823967 | 1357.7795396244867 |
| 507 |    11 | 1402115482.0455372 | 2.0090739954550524e-09 |    1107 |   392.605747186537 | 0.019823967 | 1357.7795396244867 |
| 508 |     7 | 1298876787.4269156 | 1.3720749038965394e-09 |    1107 |  329.2514161384788 | 0.019823967 | 1357.7795396244867 |
| 509 |    13 | 1201819102.6555045 | 2.7856724718374858e-09 |    1107 | 316.29774463076865 | 0.019823967 | 1357.7795396244867 |
| 510 |    13 | 1199242239.4419856 | 2.8430933650224285e-09 |    1107 | 315.04609412377613 | 0.019823967 | 1357.7795396244867 |
| 511 |     8 | 1189149783.9544446 | 1.7202198037152805e-09 |    1109 |  335.4083016308032 | 0.019823965 | 1357.7795396244867 |
| 512 |    10 | 1056949835.5139191 | 2.4395320639400253e-09 |    1108 | 327.78137513268666 | 0.019823967 | 1357.7795396244867 |
| 513 |     9 |  816224049.4255829 | 2.7505549986225513e-09 |    1148 |  250.6791166534931 | 0.019078733 | 1389.7795396244867 |
| 514 |     5 |  661758951.7307328 |  1.975117819109272e-09 |     832 |  246.7678486237287 | 0.019823967 | 1389.7795396244867 |
| 515 |     9 | 1059256713.6821237 | 2.2200931070745586e-09 |    1133 | 316.18334650241013 | 0.019823967 | 1389.7795396244867 |
| 516 |     8 | 1184758786.4870348 | 1.7337976909858678e-09 |    1124 |  327.7805773145883 | 0.019823967 | 1389.7795396244867 |
| 517 |     6 |  1279685198.303454 | 1.2340007174911755e-09 |    1133 | 379.94131404338805 | 0.019823967 | 1389.7795396244867 |
| 518 |     8 | 1266747101.5557833 |  1.613972065545884e-09 |    1136 |  328.3847956626778 | 0.019823968 | 1389.7795396244867 |
| 519 |     6 |  1366700237.385795 | 1.0835893543055228e-09 |    1133 |  347.9190684536079 | 0.019823967 | 1389.7795396244867 |
| 520 |    13 | 1444301293.5089023 | 2.3700761216419136e-09 |    1132 |  369.2075683391231 | 0.019823967 | 1389.7795396244867 |
| 521 |    15 | 1510930966.5320985 |  2.559351666237997e-09 |    1138 | 431.65899403388903 | 0.019823967 | 1389.7795396244867 |
| 522 |     9 | 1501411110.3720615 | 1.5993494181604593e-09 |    1118 |  377.9197719419444 | 0.019823965 | 1389.7795396244867 |
| 523 |    11 | 1269050051.4623442 | 2.4277364932527314e-09 |    1066 | 292.90572199145436 | 0.019823965 | 1389.7795396244867 |
| 524 |     5 | 1344608946.3545594 |  1.045486496020649e-09 |    1115 | 307.41976832078353 | 0.019823965 | 1389.7795396244867 |
| 525 |    10 | 1446096550.6133084 |  1.781538343445845e-09 |    1130 | 335.83354520589455 | 0.019823965 | 1389.7795396244867 |
| 526 |    12 |  1458008642.560751 |  2.129951967060304e-09 |    1134 | 399.38011816790095 | 0.019823967 | 1389.7795396244867 |
| 527 |    13 | 1339189263.0845044 | 2.5297562683823746e-09 |    1132 | 380.71701760830183 | 0.019823967 | 1389.7795396244867 |
| 528 |    13 | 1262885096.1533084 | 2.6555237363062143e-09 |    1133 |  373.1039366445475 | 0.019823967 | 1389.7795396244867 |
| 529 |     9 | 1316930701.7818503 | 1.8204897744058719e-09 |    1134 |    345.68361396615 | 0.019823967 | 1389.7795396244867 |
| 530 |     9 | 1263615046.9715865 | 1.8282364129033756e-09 |    1137 | 353.93992461655216 | 0.019823967 | 1389.7795396244867 |
| 531 |     9 | 1116988248.2211342 | 1.9988180221348512e-09 |    1136 |  323.1215488225607 | 0.019823968 | 1389.7795396244867 |
| 532 |    10 | 1022717188.5315938 |  2.592365525584679e-09 |    1130 | 299.70357491071627 | 0.019823965 | 1389.7795396244867 |
| 533 |     9 |  812628467.3138397 |  2.540337421180672e-09 |    1120 | 269.75065122758315 | 0.019823967 | 1421.7795396244867 |
| 534 |     9 |   901341843.031428 | 2.4293792096618268e-09 |    1140 |   291.813804904737 | 0.019823968 | 1421.7795396244867 |
| 535 |    17 | 1134757107.1597247 |  3.939418392318978e-09 |    1165 | 375.41524376764573 | 0.019823967 | 1421.7795396244867 |
| 536 |     9 | 1219756410.0911872 | 1.8892313655759997e-09 |    1160 |  314.4918480976048 | 0.019823965 | 1421.7795396244867 |
| 537 |    10 | 1272573906.7012491 | 2.0153852479653972e-09 |    1164 |  331.0450345199206 | 0.019823967 | 1421.7795396244867 |
| 538 |    11 | 1359192354.5651944 | 2.0537439040763303e-09 |    1138 |  331.3533898901769 | 0.019823967 | 1421.7795396244867 |
| 539 |    15 | 1455182115.8390973 | 2.6582458423508147e-09 |    1161 |  350.5385186358071 | 0.019823967 | 1421.7795396244867 |
| 540 |    19 | 1520231818.1826198 | 3.2361002062508377e-09 |    1159 |  400.8174292421827 | 0.019823968 | 1421.7795396244867 |
| 541 |     9 | 1439514460.7874079 | 1.5255512288550483e-09 |    1117 |   314.059272071122 | 0.019823967 | 1421.7795396244867 |
| 542 |    15 | 1349097621.5597658 |   3.11323765845008e-09 |    1137 | 354.90747798484244 | 0.019823967 | 1421.7795396244867 |
| 543 |    17 | 1512739316.0309453 |  2.867749794041104e-09 |    1162 | 390.44757760398625 | 0.019823967 | 1421.7795396244867 |
| 544 |    10 | 1434491937.0065665 | 1.7056319351919583e-09 |    1154 |  368.5881017675574 | 0.019823967 | 1421.7795396244867 |
| 545 |    13 | 1367204917.8380046 |  2.370414757366732e-09 |    1141 |   308.506701656941 | 0.019823967 | 1421.7795396244867 |
| 546 |     8 | 1336934866.7447157 | 1.5825283089623297e-09 |    1162 |   343.907857447668 | 0.019823967 | 1421.7795396244867 |
| 547 |     6 |  1353539458.832902 |  1.130601686695643e-09 |    1163 | 344.17501299975265 | 0.019823968 | 1421.7795396244867 |
| 548 |    18 | 1376498693.7458816 | 3.3633883520622773e-09 |    1161 |  396.4482973924969 | 0.019823967 | 1421.7795396244867 |
| 549 |    11 |  1227218670.388041 |  2.364624379499458e-09 |    1159 | 338.97294130492446 | 0.019823968 | 1421.7795396244867 |
| 550 |     5 | 1150128979.3592863 |  1.171984768857756e-09 |    1161 | 356.60678112355527 | 0.019823967 | 1421.7795396244867 |
| 551 |     7 |  911525532.6851999 |  1.898339467480959e-09 |    1031 |  266.7481537913445 | 0.019823968 | 1421.7795396244867 |
| 552 |    13 |  824548851.1915424 | 4.0548707766066796e-09 |    1225 |  303.8217259370904 | 0.019823967 | 1453.7795396244867 |
| 553 |     7 |  844126683.8365166 |  1.990909060119555e-09 |    1021 |  218.5458036359396 | 0.019823967 | 1453.7795396244867 |
| 554 |    10 |  800601269.3789902 | 3.0782091745273788e-09 |     885 | 240.42287090049285 | 0.019823967 | 1453.7795396244867 |
| 555 |    10 |  958528508.7866557 | 2.6915331102814893e-09 |     890 | 244.30867249093353 | 0.019823967 | 1453.7795396244867 |
| 556 |     9 |  1023250486.697309 |  2.230810922563352e-09 |     889 | 248.45298503003505 | 0.019823967 | 1453.7795396244867 |
| 557 |     7 | 1022055005.6574378 | 1.7705956767690808e-09 |     864 |  256.4950391381535 | 0.019823967 | 1453.7795396244867 |
| 558 |    15 | 1116114288.0907383 | 3.4847830312954865e-09 |     891 | 280.13419439824065 | 0.019823967 | 1453.7795396244867 |
| 559 |    13 | 1147108601.3473504 |  2.936587923228325e-09 |     890 |  300.8952791706906 | 0.019823967 | 1453.7795396244867 |
| 560 |     8 | 1302809314.5377865 | 1.5071669688040412e-09 |    1110 | 304.74583306348177 | 0.019823967 | 1453.7795396244867 |
| 561 |     7 |  1094220312.502188 | 1.6015963310052655e-09 |     892 |  292.5091229317595 | 0.019823968 | 1453.7795396244867 |
| 562 |     8 | 1141425030.9715075 |  1.818243378730013e-09 |     887 |  287.7795646741397 | 0.019823594 | 1453.7795396244867 |
| 563 |    11 |  1120992424.510385 | 2.5463684169582585e-09 |     891 | 306.95097579287903 | 0.019823967 | 1453.7795396244867 |
| 564 |     6 |  1093251656.539765 | 1.4331481806048805e-09 |     889 |  327.5672111235235 | 0.019823967 | 1453.7795396244867 |
| 565 |     7 |  1026395453.940653 | 1.7879440406796086e-09 |     892 |  264.5288418719774 | 0.019823968 | 1453.7795396244867 |
| 566 |     7 | 1284317513.8116145 | 1.4155672877418406e-09 |    1149 |  277.3509040523786 | 0.019823967 | 1453.7795396244867 |
| 567 |     9 | 1028134237.3125117 |  2.287740086930756e-09 |     852 |  264.7079467298536 | 0.019823965 | 1453.7795396244867 |
| 568 |     7 |  876457840.2487493 | 2.0043426880788204e-09 |     747 | 268.32596489293064 | 0.019823968 | 1453.7795396244867 |
| 569 |     6 |  955112900.6057181 | 1.6176173417313603e-09 |     890 | 281.22099710356997 | 0.019823967 | 1453.7795396244867 |
| 570 |     8 |  907092661.8606029 |  2.253278047706221e-09 |     889 | 269.22678218799774 | 0.019823967 | 1453.7795396244867 |
| 571 |     6 |  850287072.7085917 | 1.8182078564779854e-09 |     889 | 284.64550977627005 | 0.019823967 | 1453.7795396244867 |
| 572 |     8 |  705333164.0812342 |  2.922566827749482e-09 |     889 | 289.63909674537354 | 0.019823967 | 1453.7795396244867 |
| 573 |     5 |  531455169.1422211 | 2.2654914987882985e-09 |     806 |  222.7325910924119 | 0.019823967 | 1485.7795396244867 |
| 574 |     7 | 1005579119.3475561 |  1.800034066575271e-09 |    1151 |  306.9423821710734 | 0.019823968 | 1485.7795396244867 |
| 575 |     9 |   933070376.915099 |  2.560113404271481e-09 |     910 | 240.70784200927665 | 0.019823967 | 1485.7795396244867 |
| 576 |    14 | 1020726105.5490389 | 3.5263792942778538e-09 |     909 | 253.34780649515596 | 0.019823967 | 1485.7795396244867 |
| 577 |    14 | 1081942438.8398018 | 3.3659989995151045e-09 |     909 |   291.243599161593 | 0.019823967 | 1485.7795396244867 |
| 578 |     5 | 1295026107.4097495 |  8.926440884102234e-10 |    1128 | 241.20494229360247 | 0.019823967 | 1485.7795396244867 |
| 579 |     8 | 1064134463.8449435 | 1.9617163196435942e-09 |     911 |  275.4321689161052 | 0.019823968 | 1485.7795396244867 |
| 580 |    19 | 1236186183.2114127 |  3.876244998450457e-09 |     911 |  318.3851808771601 | 0.019723957 | 1485.7795396244867 |
| 581 |    16 | 1642434523.5341287 | 2.4421746181715065e-09 |     909 |   504.200927063418 | 0.019513112 | 1485.7795396244867 |
| 582 |     8 | 1092512301.0256715 |  2.067697818867386e-09 |     731 |  359.4062897077997 | 0.019637465 | 1485.7795396244867 |
| 583 |     7 |  953404376.4237331 |  1.945550052211781e-09 |     832 |  267.0542652848926 | 0.019817619 | 1485.7795396244867 |
| 584 |     8 |  888131198.5010755 | 2.4447586402900313e-09 |     758 |   226.382614498596 | 0.019823967 | 1485.7795396244867 |
| 585 |    15 | 1049781286.1242206 |  3.774030834582596e-09 |     910 | 291.47414961274626 | 0.019823967 | 1485.7795396244867 |
| 586 |     8 | 1022007897.6353256 | 2.0883784912033984e-09 |     894 | 250.49742636361952 | 0.019823967 | 1485.7795396244867 |
| 587 |    10 |  974767643.6449535 | 2.6027060784282596e-09 |     898 | 261.67717827779416 | 0.019823967 | 1485.7795396244867 |
| 588 |     4 |  934043650.5450743 | 1.1299427016842658e-09 |     910 | 292.41283990598095 | 0.019823967 | 1485.7795396244867 |
| 589 |    10 |  874348216.2407632 | 3.2204977151925578e-09 |     910 |  306.2065732888841 | 0.019823967 | 1485.7795396244867 |
| 590 |     9 |  715187522.5849204 | 3.3207710460172095e-09 |     912 | 249.20039777058264 | 0.019823965 | 1485.7795396244867 |
| 591 |     4 | 473915490.47156113 |  2.114455466341555e-09 |     710 |  148.6423994759898 | 0.019823967 | 1517.7795396244867 |
| 592 |    17 |  747379483.3571365 | 5.7713174239803815e-09 |     880 | 218.88653440193957 | 0.019823967 | 1517.7795396244867 |
| 593 |     4 |   964741286.243187 | 1.0608145127006589e-09 |     931 | 283.03475685383455 | 0.019823965 | 1517.7795396244867 |
| 594 |     9 |  1130794387.514892 |  2.092304130881065e-09 |    1089 | 269.01852898925927 | 0.019823967 | 1517.7795396244867 |
| 595 |     5 | 1039396087.5984952 | 1.2887404527516543e-09 |     932 |  275.3305837121661 | 0.019823967 | 1517.7795396244867 |
| 596 |    14 | 1307856912.3937578 |  2.700811526208064e-09 |     932 |  369.2676729226814 | 0.019659624 | 1517.7795396244867 |
| 597 |    16 |  1788206026.535718 | 2.3098880997892116e-09 |     928 |  554.4528989800165 | 0.019493865 | 1517.7795396244867 |
| 598 |    21 | 1860268750.2539096 | 2.9114549676519998e-09 |     933 |  525.2083317273882 | 0.019493863 | 1517.7795396244867 |
| 599 |    12 | 1412123247.9139085 | 2.2685486563909545e-09 |     748 |  417.5260244456076 | 0.019493865 | 1517.7795396244867 |
| 600 |     5 | 1061573815.7339015 | 1.0802350727630365e-09 |     744 |  336.1042330240234 | 0.019641168 | 1517.7795396244867 |
| 601 |    10 |  949155992.7201552 |  2.719201382653914e-09 |     796 |  271.7986083378528 | 0.019823967 | 1517.7795396244867 |
| 602 |     9 | 1027699756.1132808 |  2.291335004392601e-09 |     930 |  303.9862385727283 | 0.019823967 | 1517.7795396244867 |
| 603 |    12 |   999111998.431982 |  3.088575850975536e-09 |     931 |  292.8800464995511 | 0.019823965 | 1517.7795396244867 |
| 604 |     9 |  917188263.9193604 | 2.5145216231254646e-09 |     883 | 210.21440669361255 | 0.019823967 | 1517.7795396244867 |
| 605 |     6 |  766770733.5456564 | 1.8883574843247056e-09 |     897 | 299.31997833548303 | 0.019823965 | 1517.7795396244867 |
| 606 |     7 |   654685301.294919 | 2.5283132979528617e-09 |     952 | 255.99385561831878 | 0.019823968 | 1549.7795396244867 |
| 607 |    10 |  933878815.1563845 |  2.656581404029983e-09 |    1112 |  289.7421230127843 | 0.019823967 | 1549.7795396244867 |
| 608 |     7 | 1002093621.6143537 |   1.84305713662046e-09 |     949 | 279.09634566834393 | 0.019790227 | 1549.7795396244867 |
| 609 |    13 | 1540688014.8286133 |  1.966641728843646e-09 |     950 |  498.2600542466762 |  0.01953869 | 1549.7795396244867 |
| 610 |    31 | 1854660970.4679904 | 4.4258743956325326e-09 |     947 |  595.8173962242308 | 0.019493867 | 1549.7795396244867 |
| 611 |    19 | 1904431635.7150857 |  2.630690987424375e-09 |     949 |   585.689149936733 | 0.019493867 | 1549.7795396244867 |
| 612 |    10 | 1964929161.2904103 | 1.3131415567125766e-09 |     952 |  571.4170432044893 | 0.019493867 | 1549.7795396244867 |
| 613 |    17 |  1898929302.011086 |  2.300215775552959e-09 |     949 |  566.6042404801483 | 0.019493867 | 1549.7795396244867 |
| 614 |    24 | 1555137454.1446278 |   4.26224931459494e-09 |     950 |   476.492390993144 |  0.01953591 | 1549.7795396244867 |
| 615 |     7 | 1048287653.6112134 |  1.743834707758139e-09 |     951 |  324.5283005696783 |  0.01978405 | 1549.7795396244867 |
| 616 |     1 |  1016434537.410471 | 2.5521949719888476e-10 |     950 |   348.950770175863 | 0.019823968 | 1549.7795396244867 |
| 617 |     5 |  932025061.9944181 | 1.3456630764332739e-09 |     951 |  327.0144668465218 | 0.019823967 | 1549.7795396244867 |
| 618 |     5 |  649264577.7890091 | 2.7214531257886366e-09 |     833 | 270.42434103984124 | 0.019823965 | 1581.7795396244867 |
| 619 |     9 | 1373837466.8047752 |  1.533853965033776e-09 |    1112 | 464.11337105619623 | 0.019584406 | 1581.7795396244867 |
| 620 |    11 | 1780782626.9507236 | 1.6080437249958754e-09 |     971 |  578.6112086237363 | 0.019493865 | 1581.7795396244867 |
| 621 |    15 | 1903677594.5612268 | 2.0004125611070054e-09 |     971 |  556.7001761695083 | 0.019493865 | 1581.7795396244867 |
| 622 |    17 | 2012836590.0844586 |  2.169556773390627e-09 |     968 |  554.6117588800553 | 0.019493865 | 1581.7795396244867 |
| 623 |    13 | 2004389652.9840333 |  1.666305611167402e-09 |     970 |  594.2438027986555 | 0.019493867 | 1581.7795396244867 |
| 624 |    16 | 1837086470.8522992 | 2.1759771335506174e-09 |     969 |  547.7788082366224 | 0.019493867 | 1581.7795396244867 |
| 625 |    11 | 1527710978.0601695 | 1.7981163046742397e-09 |     789 | 468.44765923230443 | 0.019493865 | 1581.7795396244867 |
| 626 |    19 |  1568204092.428639 | 3.2155271955955874e-09 |     969 |  498.7229781574897 | 0.019550756 | 1581.7795396244867 |
| 627 |    12 |  921839008.7966646 |  3.420637148126021e-09 |     970 |  292.1045180973051 | 0.019800143 | 1581.7795396244867 |
| 629 |     8 |  698171518.3845321 | 2.8428828644380113e-09 |     931 |  287.8221920636115 | 0.019164123 | 1613.7795396244867 |
| 630 |    15 | 1148166475.6903496 |  3.703918483280352e-09 |     985 | 464.06070733977776 |  0.01932597 | 1613.7795396244867 |
| 631 |    14 | 1806277652.3336196 |  2.073430336870419e-09 |     989 |  583.3368983560886 | 0.019492196 | 1613.7795396244867 |
| 632 |    14 |  1977656705.758489 | 1.8046197219801092e-09 |     991 |  557.4088190370258 | 0.019493865 | 1613.7795396244867 |
| 633 |    14 | 1994950869.2830374 | 1.7790054324674475e-09 |     989 |  578.5316229243654 | 0.019493865 | 1613.7795396244867 |
| 634 |    13 | 1908928658.4367766 |  1.882517707589249e-09 |     988 |  570.8120767172477 | 0.019493865 | 1613.7795396244867 |
| 635 |    13 | 2081265652.0437918 | 1.6195555828566714e-09 |     988 |  605.7770730548509 | 0.019493865 | 1613.7795396244867 |
| 636 |    13 | 1992708036.1922867 | 1.6670218101900171e-09 |     992 |   623.697311059088 | 0.019493867 | 1613.7795396244867 |
| 637 |     7 | 1766306367.7686973 |  8.318863061779446e-10 |    1297 |  568.0756128594985 | 0.019476559 | 1645.7795396244867 |
| 638 |    10 |  840830142.3997762 | 3.1211451755192827e-09 |    1088 |  325.9513428511832 |  0.01916377 | 1645.7795396244867 |
| 639 |     8 |  946815082.0687144 | 2.2206973536820754e-09 |    1009 |  367.0132977820049 | 0.019163769 | 1645.7795396244867 |
| 640 |    12 | 1045147767.4737945 | 2.9559828079494282e-09 |    1010 |  315.0911574315887 | 0.019170307 | 1645.7795396244867 |
| 641 |    14 |  1418199012.730667 |  2.577611766803901e-09 |    1006 | 445.13119579329214 | 0.019371474 | 1645.7795396244867 |
| 642 |    14 |  1849777645.814933 | 2.0077145635064454e-09 |    1010 |  581.9139776143275 | 0.019493867 | 1645.7795396244867 |
| 643 |     9 | 1999602399.4319754 | 1.1313710058962159e-09 |    1004 |  561.5700837817749 | 0.019493867 | 1645.7795396244867 |
| 644 |    14 | 1892127262.3529096 | 1.8945743575707608e-09 |     883 |  558.9123589139563 | 0.019493865 | 1645.7795396244867 |
| 645 |    11 | 2058509657.2669907 | 1.3820606623692993e-09 |    1010 |  599.9894614966579 | 0.019493867 | 1645.7795396244867 |
| 646 |    10 | 1438718809.5345902 |  1.725731890716687e-09 |    1009 |  462.5038302699686 |  0.01941862 | 1645.7795396244867 |
| 647 |     7 |  898957408.6674088 | 1.9058589132725513e-09 |    1009 |  288.6516499895479 | 0.019187324 | 1645.7795396244867 |
| 649 |    10 |  912784756.2478876 | 2.9703664865802577e-09 |    1110 | 346.09231016231547 |  0.01916377 | 1677.7795396244867 |
| 650 |     4 |  974905691.7826827 |  1.092755531682491e-09 |    1006 | 313.90467582138535 | 0.019163769 | 1677.7795396244867 |
| 651 |     9 |  1081421509.861865 | 2.1000137464956196e-09 |    1029 |  351.0442881429699 | 0.019163769 | 1677.7795396244867 |
| 652 |     8 | 1088255308.0210376 | 1.8625594551663359e-09 |    1030 |  357.4459824378573 | 0.019163769 | 1677.7795396244867 |
| 653 |    10 |   981517499.836952 |  2.827222713874256e-09 |    1018 |  304.5530652318339 |  0.01919198 | 1677.7795396244867 |
| 654 |    20 | 1768289205.6941404 | 2.7208768928656645e-09 |    1034 |  514.0369799288746 | 0.019434808 | 1677.7795396244867 |
| 655 |    13 | 1852383531.9144623 | 1.8141260835361323e-09 |     883 |  541.7466408911823 | 0.019493865 | 1677.7795396244867 |
| 656 |    15 | 1865685709.9002426 | 2.0367990949891338e-09 |     970 |   560.690208721684 | 0.019490462 | 1677.7795396244867 |
| 657 |     5 |  1231928915.190871 | 1.2270057468694016e-09 |    1030 | 377.03821155029436 | 0.019292602 | 1677.7795396244867 |
| 658 |    12 | 1077028618.2654703 |  2.852772994682228e-09 |    1030 |  295.3699487388476 | 0.019163769 | 1677.7795396244867 |
| 659 |    11 |  1012638958.182179 | 2.5595655238135495e-09 |    1101 | 274.50177978821284 | 0.019163769 | 1677.7795396244867 |
| 660 |     5 |  585467624.7592912 | 2.1675561043835335e-09 |     786 |  205.3781598149135 |  0.01916377 | 1709.7795396244867 |
| 661 |     6 |   671963852.347407 |  2.430542493655276e-09 |     847 |  293.5207215056539 | 0.019163774 | 1709.7795396244867 |
| 662 |     8 | 1001216051.3236012 |  2.026883736537219e-09 |    1049 | 326.83621154161665 |  0.01916377 | 1709.7795396244867 |
| 663 |     6 |   1078551305.18357 | 1.4872165309063794e-09 |    1040 | 307.37287238236786 |  0.01916377 | 1709.7795396244867 |
| 664 |     5 |  1110900971.448424 | 1.1333659513280483e-09 |    1039 |  315.7817222090607 | 0.019163769 | 1709.7795396244867 |
| 665 |     6 |  985828313.0474906 | 1.4954949527547864e-09 |    1048 | 303.32810536499346 | 0.019163769 | 1709.7795396244867 |
| 666 |     5 | 1194749842.6584826 | 1.0913220993356114e-09 |    1048 | 368.26279406989124 | 0.019163769 | 1709.7795396244867 |
| 667 |     7 | 1296486719.9886012 | 1.4041764504059615e-09 |    1047 |  348.7787280321063 | 0.019181108 | 1709.7795396244867 |
| 668 |    16 | 1694903372.2338378 |  2.435916032802011e-09 |    1052 | 468.37555678785066 | 0.019376827 | 1709.7795396244867 |
| 669 |     6 | 1343894261.8662481 |  1.196792824584504e-09 |    1049 |  395.1296643160422 |  0.01930034 | 1709.7795396244867 |
| 670 |     7 | 1190175641.6656544 | 1.5448779692164978e-09 |    1050 |  298.4429749520714 | 0.019163769 | 1709.7795396244867 |
| 671 |     4 |  951622531.7195363 | 1.2023946444971794e-09 |     898 |  221.3297424341108 |  0.01916377 | 1709.7795396244867 |
| 672 |     5 |  910683936.7822995 | 1.5756712860017598e-09 |     959 |  229.4606206870958 |  0.01916377 | 1709.7795396244867 |
| 673 |     8 |  1035328623.649413 |   2.00069495659958e-09 |    1050 | 304.49339014498673 | 0.019163769 | 1709.7795396244867 |
| 675 |     6 |  778442402.6918883 | 2.1997393014720517e-09 |     950 |  306.8628716971625 |  0.01916377 | 1741.7795396244867 |
| 676 |     5 |   861381752.884968 | 1.4824759369585133e-09 |     891 |   280.968687724715 | 0.019163772 | 1741.7795396244867 |
| 677 |    10 |   959323249.220815 | 2.7170134433311824e-09 |     892 | 303.44823488187103 |  0.01916377 | 1741.7795396244867 |
| 678 |     4 | 1024332727.2574649 |  1.001469398793953e-09 |     885 | 318.05857152274257 | 0.019163772 | 1741.7795396244867 |
| 679 |    10 | 1123167230.1400871 | 2.4940641568410703e-09 |    1061 | 284.08568450329767 |  0.01916377 | 1741.7795396244867 |
| 680 |     7 | 1421457003.3632464 | 1.2402769007502024e-09 |    1163 |  422.7470979878526 |  0.01916377 | 1741.7795396244867 |
| 681 |     6 | 1185122692.1442409 |   1.31426711881779e-09 |     973 | 337.96519188255115 | 0.019163769 | 1741.7795396244867 |
| 682 |     7 | 1292318968.6208208 | 1.4544771489092218e-09 |    1144 | 362.96535473299446 |  0.01916377 | 1741.7795396244867 |
| 683 |     5 | 1148976311.0347075 | 1.0747414652987214e-09 |    1007 | 275.10629191865155 |  0.01916377 | 1741.7795396244867 |
| 684 |     7 |  1130807870.068211 | 1.5793951211954008e-09 |    1082 |  303.5022172509616 |  0.01916377 | 1741.7795396244867 |
